835 1099 0.0 0.0
835 1100 0.0 0.0
835 1101 0.0 0.0
835 1102 0.0 0.0
835 1103 0.0 0.0
835 1104 0.0 0.0
835 1105 0.0 0.0
835 1106 0.0 0.0
835 1107 0.0 0.0
835 1108 0.0 0.0
835 1109 0.0 0.0
835 1110 0.0 0.0
835 1111 0.0 0.0
835 1112 0.0 0.0
835 1113 0.0 0.0
835 1114 0.0 0.0
835 1115 0.0 0.0
835 1116 0.0 0.0
835 1117 0.0 0.0
835 1118 0.0 0.0
835 1119 0.0 0.0
835 1120 0.0 0.0
835 1121 0.0 0.0
835 1122 0.0 0.0
835 1123 0.0 0.0
835 1124 0.0 0.0
835 1125 0.0 0.0
835 1126 0.0 0.0
835 1127 0.0 0.0
835 1128 0.0 0.0
835 1129 0.0 0.0
835 1130 0.0 0.0
836 1099 0.0 0.0
836 1100 0.0 0.0
836 1101 0.0 0.0
836 1102 0.0 0.0
836 1103 0.0 0.0
836 1104 0.0 0.0
836 1105 0.0 0.0
836 1106 0.0 0.0
836 1107 0.0 0.0
836 1108 0.0 0.0
836 1109 0.0 0.0
836 1110 0.0 0.0
836 1111 0.0 0.0
836 1112 0.0 0.0
836 1113 0.0 0.0
836 1114 0.0 0.0
836 1115 0.0 0.0
836 1116 0.0 0.0
836 1117 0.0 0.0
836 1118 0.0 0.0
836 1119 0.0 0.0
836 1120 0.0 0.0
836 1121 0.0 0.0
836 1122 0.0 0.0
836 1123 0.0 0.0
836 1124 0.0 0.0
836 1125 0.0 0.0
836 1126 0.0 0.0
836 1127 0.0 0.0
836 1128 0.0 0.0
836 1129 0.0 0.0
836 1130 0.0 0.0
837 1099 0.0 0.0
837 1100 0.0 0.0
837 1101 0.0 0.0
837 1102 0.0 0.0
837 1103 0.0 0.0
837 1104 0.0 0.0
837 1105 0.0 0.0
837 1106 0.0 0.0
837 1107 0.0 0.0
837 1108 0.0 0.0
837 1109 0.0 0.0
837 1110 0.0 0.0
837 1111 0.0 0.0
837 1112 0.0 0.0
837 1113 0.0 0.0
837 1114 0.0 0.0
837 1115 0.0 0.0
837 1116 0.0 0.0
837 1117 0.0 0.0
837 1118 0.0 0.0
837 1119 0.0 0.0
837 1120 0.0 0.0
837 1121 0.0 0.0
837 1122 0.0 0.0
837 1123 0.0 0.0
837 1124 0.0 0.0
837 1125 0.0 0.0
837 1126 0.0 0.0
837 1127 0.0 0.0
837 1128 0.0 0.0
837 1129 0.0 0.0
837 1130 0.0 0.0
838 1099 0.0 0.0
838 1100 0.0 0.0
838 1101 0.0 0.0
838 1102 0.0 0.0
838 1103 0.0 0.0
838 1104 0.0 0.0
838 1105 0.0 0.0
838 1106 0.0 0.0
838 1107 0.0 0.0
838 1108 0.0 0.0
838 1109 0.0 0.0
838 1110 0.0 0.0
838 1111 0.0 0.0
838 1112 0.0 0.0
838 1113 0.0 0.0
838 1114 0.0 0.0
838 1115 0.0 0.0
838 1116 0.0 0.0
838 1117 0.0 0.0
838 1118 0.0 0.0
838 1119 0.0 0.0
838 1120 0.0 0.0
838 1121 0.0 0.0
838 1122 0.0 0.0
838 1123 0.0 0.0
838 1124 0.0 0.0
838 1125 0.0 0.0
838 1126 0.0 0.0
838 1127 0.0 0.0
838 1128 0.0 0.0
838 1129 0.0 0.0
838 1130 0.0 0.0
839 1099 0.0 0.0
839 1100 0.0 0.0
839 1101 0.0 0.0
839 1102 0.0 0.0
839 1103 0.0 0.0
839 1104 0.00155 0.001079351657246145
839 1105 0.029100000000000004 0.0261190304184516
839 1106 0.0037000000000000006 0.0022877390585466693
839 1107 0.014599999999999998 0.014599999999999995
839 1108 5e-05 5e-05
839 1109 0.0 0.0
839 1110 0.0 0.0
839 1111 0.0 0.0
839 1112 0.0 0.0
839 1113 0.0 0.0
839 1114 0.0 0.0
839 1115 0.0 0.0
839 1116 0.0 0.0
839 1117 0.0 0.0
839 1118 0.0 0.0
839 1119 0.0 0.0
839 1120 0.0 0.0
839 1121 0.0 0.0
839 1122 0.0 0.0
839 1123 0.0 0.0
839 1124 0.0 0.0
839 1125 0.0 0.0
839 1126 0.0 0.0
839 1127 0.0 0.0
839 1128 0.0 0.0
839 1129 0.0 0.0
839 1130 0.0 0.0
840 1099 0.0 0.0
840 1100 0.0 0.0
840 1101 0.0 0.0
840 1102 0.0 0.0
840 1103 0.0 0.0
840 1104 0.0 0.0
840 1105 0.0 0.0
840 1106 0.0 0.0
840 1107 0.0 0.0
840 1108 0.0 0.0
840 1109 0.0 0.0
840 1110 0.0 0.0
840 1111 0.0 0.0
840 1112 0.0 0.0
840 1113 0.0 0.0
840 1114 0.0 0.0
840 1115 0.0 0.0
840 1116 0.0 0.0
840 1117 0.0 0.0
840 1118 0.0 0.0
840 1119 0.0 0.0
840 1120 0.0 0.0
840 1121 0.0 0.0
840 1122 0.0 0.0
840 1123 0.0 0.0
840 1124 0.0 0.0
840 1125 0.0 0.0
840 1126 0.0 0.0
840 1127 0.0 0.0
840 1128 0.0 0.0
840 1129 0.0 0.0
840 1130 0.0 0.0
841 1099 0.0 0.0
841 1100 0.0 0.0
841 1101 0.0 0.0
841 1102 0.0 0.0
841 1103 0.0 0.0
841 1104 0.0 0.0
841 1105 0.01895 0.018825249002337258
841 1106 0.0 0.0
841 1107 0.0 0.0
841 1108 0.0 0.0
841 1109 0.0 0.0
841 1110 0.0 0.0
841 1111 0.0 0.0
841 1112 0.0 0.0
841 1113 0.0 0.0
841 1114 0.0 0.0
841 1115 0.0 0.0
841 1116 0.0 0.0
841 1117 0.0 0.0
841 1118 0.0 0.0
841 1119 0.0 0.0
841 1120 0.0 0.0
841 1121 0.0 0.0
841 1122 0.0 0.0
841 1123 0.0 0.0
841 1124 0.0 0.0
841 1125 0.0 0.0
841 1126 0.0 0.0
841 1127 0.0 0.0
841 1128 0.0 0.0
841 1129 0.0 0.0
841 1130 0.0 0.0
842 1099 0.0 0.0
842 1100 0.0 0.0
842 1101 0.0 0.0
842 1102 0.0 0.0
842 1103 0.0 0.0
842 1104 0.1214 0.07418754106991281
842 1105 0.16385 0.1106790574137673
842 1106 0.01205 0.00528937614468852
842 1107 0.0058000000000000005 0.0035998263847024626
842 1108 0.00030000000000000003 0.00030000000000000003
842 1109 0.00245 0.001988089535207104
842 1110 0.0 0.0
842 1111 0.0 0.0
842 1112 0.0 0.0
842 1113 0.0 0.0
842 1114 0.0 0.0
842 1115 0.0 0.0
842 1116 0.0 0.0
842 1117 0.0 0.0
842 1118 0.0 0.0
842 1119 0.0 0.0
842 1120 0.0 0.0
842 1121 0.0 0.0
842 1122 0.0 0.0
842 1123 0.0 0.0
842 1124 0.0 0.0
842 1125 0.0 0.0
842 1126 0.0 0.0
842 1127 0.0 0.0
842 1128 0.0 0.0
842 1129 0.0 0.0
842 1130 0.0 0.0
843 1099 0.0 0.0
843 1100 0.0 0.0
843 1101 0.0 0.0
843 1102 0.0 0.0
843 1103 0.0 0.0
843 1104 0.1471 0.09867337533499093
843 1105 0.1357 0.09954051938783522
843 1106 0.00575 0.003451448971084463
843 1107 0.0023 0.0014628738838327793
843 1108 0.0 0.0
843 1109 0.0 0.0
843 1110 0.0 0.0
843 1111 0.0 0.0
843 1112 0.0 0.0
843 1113 0.0 0.0
843 1114 0.0 0.0
843 1115 0.0 0.0
843 1116 0.0 0.0
843 1117 0.0 0.0
843 1118 0.0 0.0
843 1119 0.0 0.0
843 1120 0.0 0.0
843 1121 0.0 0.0
843 1122 0.0 0.0
843 1123 0.0 0.0
843 1124 0.0 0.0
843 1125 0.0 0.0
843 1126 0.0 0.0
843 1127 0.0 0.0
843 1128 0.0 0.0
843 1129 0.0 0.0
843 1130 0.0 0.0
844 1099 0.0 0.0
844 1100 0.0 0.0
844 1101 0.0 0.0
844 1102 0.0 0.0
844 1103 0.0 0.0
844 1104 0.0008500000000000001 0.0007314369419163896
844 1105 0.0201 0.019176254848118805
844 1106 0.00015000000000000001 0.00015000000000000001
844 1107 0.0 0.0
844 1108 0.0 0.0
844 1109 0.0 0.0
844 1110 0.0 0.0
844 1111 0.0 0.0
844 1112 0.0 0.0
844 1113 0.0 0.0
844 1114 0.0 0.0
844 1115 0.0 0.0
844 1116 0.0 0.0
844 1117 0.0 0.0
844 1118 0.0 0.0
844 1119 0.0 0.0
844 1120 0.0 0.0
844 1121 0.0 0.0
844 1122 0.0 0.0
844 1123 0.0 0.0
844 1124 0.0 0.0
844 1125 0.0 0.0
844 1126 0.0 0.0
844 1127 0.0 0.0
844 1128 0.0 0.0
844 1129 0.0 0.0
844 1130 0.0 0.0
845 1099 0.0 0.0
845 1100 0.0 0.0
845 1101 0.0 0.0
845 1102 0.00095 0.00095
845 1103 0.08769999999999999 0.0530831541074944
845 1104 0.42505 0.15505122943724114
845 1105 0.26085 0.13506976438122634
845 1106 0.0738 0.03415977166200032
845 1107 0.03355 0.022387412758065633
845 1108 0.0018000000000000002 0.0016151625305213095
845 1109 0.07504999999999999 0.06923950281450611
845 1110 0.0 0.0
845 1111 0.0 0.0
845 1112 0.0 0.0
845 1113 0.0 0.0
845 1114 0.0 0.0
845 1115 0.0 0.0
845 1116 0.0066500000000000005 0.00665
845 1117 0.00045 0.00044999999999999993
845 1118 5e-05 5e-05
845 1119 0.001 0.001
845 1120 0.0 0.0
845 1121 0.0 0.0
845 1122 0.0 0.0
845 1123 0.0 0.0
845 1124 0.0 0.0
845 1125 0.0 0.0
845 1126 0.0 0.0
845 1127 0.0 0.0
845 1128 0.0 0.0
845 1129 0.0 0.0
845 1130 0.0 0.0
846 1099 0.0 0.0
846 1100 0.0 0.0
846 1101 0.00015000000000000001 0.00015000000000000001
846 1102 0.04745 0.04726259091501438
846 1103 0.4553 0.14405861220350555
846 1104 0.50665 0.19124188871688128
846 1105 0.39344999999999997 0.15496843226928508
846 1106 0.046400000000000004 0.023387977680851338
846 1107 0.0075 0.0037106266317159958
846 1108 0.00095 0.00095
846 1109 0.00105 0.0005937171043518958
846 1110 0.0 0.0
846 1111 0.0 0.0
846 1112 0.0 0.0
846 1113 0.0 0.0
846 1114 0.0 0.0
846 1115 0.0 0.0
846 1116 0.0 0.0
846 1117 0.0 0.0
846 1118 0.0 0.0
846 1119 0.0 0.0
846 1120 0.0 0.0
846 1121 0.0 0.0
846 1122 0.0 0.0
846 1123 0.0 0.0
846 1124 0.0 0.0
846 1125 0.0 0.0
846 1126 0.0 0.0
846 1127 0.0 0.0
846 1128 0.0 0.0
846 1129 0.0 0.0
846 1130 0.0 0.0
847 1099 0.0 0.0
847 1100 0.0 0.0
847 1101 5e-05 5e-05
847 1102 0.00265 0.00265
847 1103 0.03955 0.020366854199900385
847 1104 0.30379999999999996 0.18787884061277363
847 1105 0.1376 0.09567463091122952
847 1106 0.0037000000000000006 0.0033924548633695924
847 1107 5e-05 5e-05
847 1108 0.0 0.0
847 1109 0.0 0.0
847 1110 0.0 0.0
847 1111 0.0 0.0
847 1112 0.0 0.0
847 1113 0.0 0.0
847 1114 0.0 0.0
847 1115 0.0 0.0
847 1116 0.0 0.0
847 1117 0.0 0.0
847 1118 0.0 0.0
847 1119 0.0 0.0
847 1120 0.0 0.0
847 1121 0.0 0.0
847 1122 0.0 0.0
847 1123 0.0 0.0
847 1124 0.0 0.0
847 1125 0.0 0.0
847 1126 0.0 0.0
847 1127 0.0 0.0
847 1128 0.0 0.0
847 1129 0.0 0.0
847 1130 0.0 0.0
848 1099 0.0 0.0
848 1100 0.0 0.0
848 1101 0.0 0.0
848 1102 0.00915 0.00915
848 1103 0.02045 0.008169455306200038
848 1104 0.0759 0.04786913149410588
848 1105 0.020050000000000002 0.012397681234811612
848 1106 0.0 0.0
848 1107 0.0 0.0
848 1108 0.0 0.0
848 1109 0.0 0.0
848 1110 0.0 0.0
848 1111 0.0 0.0
848 1112 0.0 0.0
848 1113 0.0 0.0
848 1114 0.0 0.0
848 1115 0.0 0.0
848 1116 0.0 0.0
848 1117 0.0 0.0
848 1118 0.0 0.0
848 1119 5e-05 5e-05
848 1120 0.0 0.0
848 1121 0.0 0.0
848 1122 0.0 0.0
848 1123 0.0 0.0
848 1124 0.0 0.0
848 1125 0.0 0.0
848 1126 0.0 0.0
848 1127 0.0 0.0
848 1128 0.0 0.0
848 1129 0.0 0.0
848 1130 0.0 0.0
849 1099 0.00015000000000000001 0.0001
849 1100 0.006 0.003059820256158848
849 1101 0.00135 0.00041533119314590374
849 1102 0.43655 0.12640573068496538
849 1103 0.7987 0.09566554369259603
849 1104 0.7061999999999999 0.1717237134178038
849 1105 0.43495 0.12150667162752833
849 1106 0.08425 0.03081618892725056
849 1107 0.015500000000000003 0.007774959806970066
849 1108 0.0013 0.0012999999999999997
849 1109 0.0023 0.00157797338380595
849 1110 0.0 0.0
849 1111 0.0 0.0
849 1112 0.0 0.0
849 1113 0.0 0.0
849 1114 0.0 0.0
849 1115 0.0 0.0
849 1116 0.0027 0.0026999999999999997
849 1117 0.0036 0.002844512260476302
849 1118 0.0016 0.0012589678312014169
849 1119 0.0031 0.002470576855716089
849 1120 0.0 0.0
849 1121 0.049199999999999994 0.005709312568076826
849 1122 0.12084999999999999 0.03221302143543818
849 1123 0.0 0.0
849 1124 0.0 0.0
849 1125 0.0 0.0
849 1126 0.0 0.0
849 1127 0.0 0.0
849 1128 0.0 0.0
849 1129 0.0 0.0
849 1130 0.0 0.0
850 1099 0.01935 0.011780704562970756
850 1100 0.5285 0.11820268609469073
850 1101 0.2745 0.10124651228560912
850 1102 0.4976999999999999 0.16566301261899108
850 1103 0.8228 0.08543182223270201
850 1104 0.6185499999999999 0.1579779533669176
850 1105 0.26695 0.11071544043176633
850 1106 0.0167 0.007797996537572968
850 1107 0.00030000000000000003 0.00018371173070873837
850 1108 0.0 0.0
850 1109 5e-05 5e-05
850 1110 0.0 0.0
850 1111 0.0 0.0
850 1112 0.0 0.0
850 1113 0.0 0.0
850 1114 0.0 0.0
850 1115 0.0 0.0
850 1116 0.0 0.0
850 1117 0.0 0.0
850 1118 0.0 0.0
850 1119 0.0 0.0
850 1120 0.0 0.0
850 1121 0.0196 0.004194192413325836
850 1122 0.0 0.0
850 1123 0.0 0.0
850 1124 0.0 0.0
850 1125 0.0 0.0
850 1126 0.0 0.0
850 1127 0.0 0.0
850 1128 0.0 0.0
850 1129 0.0 0.0
850 1130 0.0 0.0
851 1099 0.0 0.0
851 1100 0.0034000000000000002 0.0022327113561766104
851 1101 0.0024000000000000002 0.000989317946870469
851 1102 0.1234 0.12209173293061244
851 1103 0.33690000000000003 0.1636812756548531
851 1104 0.0809 0.04908987930317205
851 1105 0.01585 0.010175214985443796
851 1106 0.0 0.0
851 1107 0.0 0.0
851 1108 0.0 0.0
851 1109 0.0 0.0
851 1110 0.0 0.0
851 1111 0.0 0.0
851 1112 0.0 0.0
851 1113 0.0 0.0
851 1114 0.0 0.0
851 1115 0.0 0.0
851 1116 0.0 0.0
851 1117 0.0 0.0
851 1118 0.0 0.0
851 1119 0.0 0.0
851 1120 0.0 0.0
851 1121 0.0 0.0
851 1122 0.0 0.0
851 1123 0.0 0.0
851 1124 0.0 0.0
851 1125 0.0 0.0
851 1126 0.0 0.0
851 1127 0.0 0.0
851 1128 0.0 0.0
851 1129 0.0 0.0
851 1130 0.0 0.0
852 1099 5e-05 5e-05
852 1100 0.0014000000000000002 0.000735696948478108
852 1101 5e-05 5e-05
852 1102 0.060750000000000005 0.06075
852 1103 0.07730000000000001 0.04087797389793188
852 1104 0.0029500000000000004 0.001321457528640251
852 1105 0.0008500000000000001 0.0008500000000000001
852 1106 0.0 0.0
852 1107 0.0 0.0
852 1108 0.0 0.0
852 1109 0.0 0.0
852 1110 0.0 0.0
852 1111 0.0 0.0
852 1112 0.0 0.0
852 1113 0.0 0.0
852 1114 0.0 0.0
852 1115 0.0 0.0
852 1116 0.0 0.0
852 1117 0.0 0.0
852 1118 0.0 0.0
852 1119 0.0 0.0
852 1120 0.0 0.0
852 1121 0.91815 0.025950505775417937
852 1122 0.4085 0.046568229513263656
852 1123 0.0 0.0
852 1124 0.0 0.0
852 1125 0.53395 0.07076172164383793
852 1126 0.0 0.0
852 1127 0.0 0.0
852 1128 0.0 0.0
852 1129 0.0 0.0
852 1130 0.0 0.0
853 1099 0.94695 0.021246529128307056
853 1100 0.7294499999999999 0.11956555210427458
853 1101 0.22275 0.08995526666071309
853 1102 0.9756 0.013031836017998384
853 1103 0.9027 0.05266245104436366
853 1104 0.76135 0.11961988233567195
853 1105 0.35469999999999996 0.08319774636370866
853 1106 0.05525 0.031344158147890974
853 1107 0.023200000000000005 0.015830824362616118
853 1108 0.0093 0.0093
853 1109 0.00145 0.0012708265027138832
853 1110 0.0 0.0
853 1111 0.0 0.0
853 1112 0.0 0.0
853 1113 0.0 0.0
853 1114 0.0 0.0
853 1115 0.0 0.0
853 1116 0.01075 0.010749999999999997
853 1117 0.06915 0.06316454701808602
853 1118 0.0813 0.03341850161213097
853 1119 0.5397 0.11164613181834827
853 1120 0.9099999999999999 0.03619608058892565
853 1121 0.9999500000000001 4.999999999999449e-05
853 1122 0.992 0.00793764763642226
853 1123 0.06534999999999999 0.02356236405796328
853 1124 0.013500000000000002 0.005753803090130909
853 1125 0.34225 0.050662917898597185
853 1126 0.0 0.0
853 1127 0.0 0.0
853 1128 0.0 0.0
853 1129 0.0 0.0
853 1130 0.0 0.0
854 1099 0.6209499999999999 0.10212567013244025
854 1100 0.9053000000000001 0.05887122599368897
854 1101 0.26239999999999997 0.10363851238801143
854 1102 0.25245 0.14622167247026
854 1103 0.42630000000000007 0.2057672593004047
854 1104 0.07819999999999999 0.04695472553428461
854 1105 0.00195 0.0014543039572248984
854 1106 0.0 0.0
854 1107 0.0 0.0
854 1108 0.0 0.0
854 1109 0.0 0.0
854 1110 0.0 0.0
854 1111 0.0 0.0
854 1112 0.0 0.0
854 1113 0.0 0.0
854 1114 0.0 0.0
854 1115 0.0 0.0
854 1116 0.0 0.0
854 1117 0.0 0.0
854 1118 0.0 0.0
854 1119 0.0 0.0
854 1120 0.0 0.0
854 1121 0.8355 0.05622010316603838
854 1122 0.0 0.0
854 1123 0.0 0.0
854 1124 0.0 0.0
854 1125 0.00015000000000000001 0.00015000000000000001
854 1126 0.0 0.0
854 1127 0.0 0.0
854 1128 0.0 0.0
854 1129 0.0 0.0
854 1130 0.0 0.0
855 1099 0.00035 0.00021794494717703366
855 1100 0.11760000000000001 0.051478733473153744
855 1101 0.0004 0.0004
855 1102 0.07554999999999999 0.07554999999999999
855 1103 0.02425 0.022636806311845316
855 1104 0.0 0.0
855 1105 0.0 0.0
855 1106 0.0 0.0
855 1107 0.0 0.0
855 1108 0.0 0.0
855 1109 0.0 0.0
855 1110 0.0 0.0
855 1111 0.0 0.0
855 1112 0.0 0.0
855 1113 0.0 0.0
855 1114 0.0 0.0
855 1115 0.0 0.0
855 1116 0.0 0.0
855 1117 0.0 0.0
855 1118 0.0 0.0
855 1119 0.0 0.0
855 1120 0.0 0.0
855 1121 0.11869999999999999 0.01862968061991402
855 1122 0.0 0.0
855 1123 0.0 0.0
855 1124 0.0 0.0
855 1125 0.01805 0.008306021911842034
855 1126 0.0 0.0
855 1127 0.0 0.0
855 1128 0.0 0.0
855 1129 0.0 0.0
855 1130 0.0 0.0
856 1099 0.052149999999999995 0.032615429630774455
856 1100 0.04385 0.02772922645873844
856 1101 0.0 0.0
856 1102 0.046700000000000005 0.0467
856 1103 0.0037000000000000006 0.002343074902771996
856 1104 0.00030000000000000003 0.00030000000000000003
856 1105 0.0 0.0
856 1106 0.0 0.0
856 1107 0.0 0.0
856 1108 0.0 0.0
856 1109 0.0 0.0
856 1110 0.0 0.0
856 1111 0.0 0.0
856 1112 0.0 0.0
856 1113 0.0 0.0
856 1114 0.0 0.0
856 1115 0.0 0.0
856 1116 0.0 0.0
856 1117 0.0 0.0
856 1118 0.0 0.0
856 1119 0.0 0.0
856 1120 0.0 0.0
856 1121 0.99985 0.00015000000000000568
856 1122 0.9295 0.013104150105977878
856 1123 0.0001 0.0001
856 1124 0.33354999999999996 0.08550798208354586
856 1125 1.0 0.0
856 1126 0.0 0.0
856 1127 0.0 0.0
856 1128 0.003 0.0018010413654327877
856 1129 0.0826 0.026387331240578307
856 1130 0.0 0.0
857 1099 1.0 0.0
857 1100 0.9803499999999999 0.017429787721025172
857 1101 0.5807 0.20931918509778313
857 1102 0.7257999999999999 0.13371930488900993
857 1103 0.32945 0.1961984072310476
857 1104 0.00045000000000000004 0.0002783882181415011
857 1105 0.0 0.0
857 1106 0.0 0.0
857 1107 0.0 0.0
857 1108 0.0 0.0
857 1109 0.0 0.0
857 1110 0.0 0.0
857 1111 0.0 0.0
857 1112 0.0 0.0
857 1113 0.0 0.0
857 1114 0.0 0.0
857 1115 0.0 0.0
857 1116 0.0 0.0
857 1117 0.0 0.0
857 1118 0.0 0.0
857 1119 0.0 0.0
857 1120 0.0026000000000000003 0.0012005207203542969
857 1121 0.9966000000000002 0.003400000000000003
857 1122 0.036 0.01535639117761722
857 1123 0.0 0.0
857 1124 0.95855 0.03802206596175438
857 1125 0.7242500000000001 0.05270768444923377
857 1126 0.0 0.0
857 1127 0.0 0.0
857 1128 0.03745 0.009505721961008537
857 1129 0.00045000000000000004 0.0003905124837953327
857 1130 0.0 0.0
858 1099 0.0888 0.04630074243465217
858 1100 0.5766 0.20839413679372074
858 1101 0.0 0.0
858 1102 0.03975 0.03975
858 1103 0.0 0.0
858 1104 0.0 0.0
858 1105 0.0 0.0
858 1106 0.0 0.0
858 1107 0.0 0.0
858 1108 0.0 0.0
858 1109 0.0 0.0
858 1110 0.0 0.0
858 1111 0.0 0.0
858 1112 0.0 0.0
858 1113 0.0 0.0
858 1114 0.0 0.0
858 1115 0.0 0.0
858 1116 0.0 0.0
858 1117 0.0 0.0
858 1118 0.0 0.0
858 1119 0.0 0.0
858 1120 0.0 0.0
858 1121 0.13675 0.044502317355391736
858 1122 0.0 0.0
858 1123 0.0 0.0
858 1124 0.0011 0.0010386289038920493
858 1125 0.00135 0.0011169153951844338
858 1126 0.0 0.0
858 1127 0.0 0.0
858 1128 0.0 0.0
858 1129 0.0 0.0
858 1130 0.0 0.0
859 1099 0.0 0.0
859 1100 0.0365 0.034202978671454914
859 1101 0.0 0.0
859 1102 0.0 0.0
859 1103 0.0 0.0
859 1104 0.0 0.0
859 1105 0.0 0.0
859 1106 0.0 0.0
859 1107 0.0 0.0
859 1108 0.0 0.0
859 1109 0.0 0.0
859 1110 0.0 0.0
859 1111 0.0 0.0
859 1112 0.0 0.0
859 1113 0.0 0.0
859 1114 0.0 0.0
859 1115 0.0 0.0
859 1116 0.0 0.0
859 1117 0.0 0.0
859 1118 0.0 0.0
859 1119 0.0 0.0
859 1120 0.0 0.0
859 1121 0.010150000000000001 0.0038499999999999997
859 1122 0.0 0.0
859 1123 0.0 0.0
859 1124 0.00015000000000000001 0.0001
859 1125 0.9311 0.028761150011778033
859 1126 0.0 0.0
859 1127 0.0 0.0
859 1128 0.1606 0.07400716181559727
859 1129 0.7612000000000001 0.08198705690534329
859 1130 0.0 0.0
860 1099 0.7445999999999999 0.08832679378308714
860 1100 0.06065 0.029959514348533754
860 1101 0.0 0.0
860 1102 0.019000000000000003 0.007650163396947806
860 1103 0.0 0.0
860 1104 0.0 0.0
860 1105 0.0 0.0
860 1106 0.0 0.0
860 1107 0.0 0.0
860 1108 0.0 0.0
860 1109 0.0 0.0
860 1110 0.0 0.0
860 1111 0.0 0.0
860 1112 0.0 0.0
860 1113 0.0 0.0
860 1114 0.0 0.0
860 1115 0.0 0.0
860 1116 0.0 0.0
860 1117 0.0 0.0
860 1118 0.0 0.0
860 1119 0.0 0.0
860 1120 0.0084 0.005575952833372966
860 1121 0.9879 0.009832853095617771
860 1122 0.29864999999999997 0.06530350296883008
860 1123 0.014650000000000002 0.0086590270816068
860 1124 0.99985 9.999999999998899e-05
860 1125 1.0 0.0
860 1126 0.53115 0.060454869530915376
860 1127 0.0809 0.02051837591038823
860 1128 1.0 0.0
860 1129 0.9141 0.06743453306726457
860 1130 0.019649999999999997 0.016983926224521818
861 1099 0.9295500000000001 0.050978512630322985
861 1100 0.6740999999999999 0.18868837735801322
861 1101 0.00595 0.005825804665451804
861 1102 0.0038 0.0034905228834660284
861 1103 0.0 0.0
861 1104 0.0 0.0
861 1105 0.0 0.0
861 1106 0.0 0.0
861 1107 0.0 0.0
861 1108 0.0 0.0
861 1109 0.0 0.0
861 1110 0.0 0.0
861 1111 0.0 0.0
861 1112 0.0 0.0
861 1113 0.0 0.0
861 1114 0.0 0.0
861 1115 0.0 0.0
861 1116 0.0 0.0
861 1117 0.0 0.0
861 1118 0.0 0.0
861 1119 0.0 0.0
861 1120 0.0 0.0
861 1121 0.09114999999999998 0.08828676996017011
861 1122 0.0 0.0
861 1123 0.0 0.0
861 1124 0.7774 0.10310609220603795
861 1125 0.0056 0.0036857834987964228
861 1126 0.0 0.0
861 1127 0.0 0.0
861 1128 0.6216999999999999 0.06581609795483168
861 1129 0.00605 0.004709962844864066
861 1130 0.0 0.0
862 1099 0.0 0.0
862 1100 0.01135 0.011287603820120548
862 1101 0.0 0.0
862 1102 0.0 0.0
862 1103 0.0 0.0
862 1104 0.0 0.0
862 1105 0.0 0.0
862 1106 0.0 0.0
862 1107 0.0 0.0
862 1108 0.0 0.0
862 1109 0.0 0.0
862 1110 0.0 0.0
862 1111 0.0 0.0
862 1112 0.0 0.0
862 1113 0.0 0.0
862 1114 0.0 0.0
862 1115 0.0 0.0
862 1116 0.0 0.0
862 1117 0.0 0.0
862 1118 0.0 0.0
862 1119 0.0 0.0
862 1120 0.0 0.0
862 1121 0.0 0.0
862 1122 0.0 0.0
862 1123 0.0 0.0
862 1124 0.0 0.0
862 1125 0.0 0.0
862 1126 0.0 0.0
862 1127 0.0 0.0
862 1128 0.0002 0.0002
862 1129 0.0 0.0
862 1130 0.0 0.0
863 1099 0.0 0.0
863 1100 0.0 0.0
863 1101 0.0 0.0
863 1102 0.0 0.0
863 1103 0.0 0.0
863 1104 0.0 0.0
863 1105 0.0 0.0
863 1106 0.0 0.0
863 1107 0.0 0.0
863 1108 0.0 0.0
863 1109 0.0 0.0
863 1110 0.0 0.0
863 1111 0.0 0.0
863 1112 0.0 0.0
863 1113 0.0 0.0
863 1114 0.0 0.0
863 1115 0.0 0.0
863 1116 0.0 0.0
863 1117 0.0 0.0
863 1118 0.0 0.0
863 1119 0.0 0.0
863 1120 0.0 0.0
863 1121 0.0 0.0
863 1122 0.0 0.0
863 1123 0.0 0.0
863 1124 0.00195 0.00195
863 1125 0.371 0.14861447607820713
863 1126 5e-05 5e-05
863 1127 0.0 0.0
863 1128 0.9094999999999999 0.05175664208582315
863 1129 0.8564 0.07765317926524322
863 1130 0.00025 0.00025
864 1099 0.1197 0.057374286487938124
864 1100 0.002 0.0019381047443314306
864 1101 0.0 0.0
864 1102 0.0 0.0
864 1103 0.0 0.0
864 1104 0.0 0.0
864 1105 0.0 0.0
864 1106 0.0 0.0
864 1107 0.0 0.0
864 1108 0.0 0.0
864 1109 0.0 0.0
864 1110 0.0 0.0
864 1111 0.0 0.0
864 1112 0.0 0.0
864 1113 0.0 0.0
864 1114 0.0 0.0
864 1115 0.0 0.0
864 1116 0.0 0.0
864 1117 0.0 0.0
864 1118 0.0 0.0
864 1119 0.0 0.0
864 1120 0.0 0.0
864 1121 0.0 0.0
864 1122 0.0 0.0
864 1123 0.0 0.0
864 1124 0.7620000000000001 0.15181203427264914
864 1125 0.0029500000000000004 0.0015680401780566722
864 1126 0.0 0.0
864 1127 0.0072 0.005908362717369339
864 1128 0.9999500000000001 4.999999999999449e-05
864 1129 0.1396 0.061811184263044175
864 1130 0.005050000000000001 0.004987734956871707
865 1099 0.0 0.0
865 1100 0.0002 0.0001224744871391589
865 1101 0.0 0.0
865 1102 0.0 0.0
865 1103 0.0 0.0
865 1104 0.0 0.0
865 1105 0.0 0.0
865 1106 0.0 0.0
865 1107 0.0 0.0
865 1108 0.0 0.0
865 1109 0.0 0.0
865 1110 0.0 0.0
865 1111 0.0 0.0
865 1112 0.0 0.0
865 1113 0.0 0.0
865 1114 0.0 0.0
865 1115 0.0 0.0
865 1116 0.0 0.0
865 1117 0.0 0.0
865 1118 0.0 0.0
865 1119 0.0 0.0
865 1120 0.0 0.0
865 1121 0.0 0.0
865 1122 0.0 0.0
865 1123 0.0 0.0
865 1124 0.0 0.0
865 1125 0.0 0.0
865 1126 0.0 0.0
865 1127 0.0 0.0
865 1128 0.00105 0.0005989574275355469
865 1129 0.00015000000000000001 0.00015000000000000001
865 1130 0.0 0.0
866 1099 0.0 0.0
866 1100 0.0 0.0
866 1101 0.0 0.0
866 1102 0.0 0.0
866 1103 0.0 0.0
866 1104 0.0 0.0
866 1105 0.0 0.0
866 1106 0.0 0.0
866 1107 0.0 0.0
866 1108 0.0 0.0
866 1109 0.0 0.0
866 1110 0.0 0.0
866 1111 0.0 0.0
866 1112 0.0 0.0
866 1113 0.0 0.0
866 1114 0.0 0.0
866 1115 0.0 0.0
866 1116 0.0 0.0
866 1117 0.0 0.0
866 1118 0.0 0.0
866 1119 0.0 0.0
866 1120 0.0 0.0
866 1121 0.0 0.0
866 1122 0.0 0.0
866 1123 0.0 0.0
866 1124 0.0 0.0
866 1125 0.0 0.0
866 1126 0.0 0.0
866 1127 0.0 0.0
866 1128 0.0 0.0
866 1129 0.0 0.0
866 1130 0.0 0.0
867 1099 0.0 0.0
867 1100 0.0 0.0
867 1101 0.0 0.0
867 1102 0.0 0.0
867 1103 0.0 0.0
867 1104 0.0 0.0
867 1105 0.0 0.0
867 1106 0.0 0.0
867 1107 0.0 0.0
867 1108 0.0 0.0
867 1109 0.0 0.0
867 1110 0.0 0.0
867 1111 0.0 0.0
867 1112 0.0 0.0
867 1113 0.0 0.0
867 1114 0.0 0.0
867 1115 0.0 0.0
867 1116 0.0 0.0
867 1117 0.0 0.0
867 1118 0.0 0.0
867 1119 0.0 0.0
867 1120 0.0 0.0
867 1121 0.0 0.0
867 1122 0.0 0.0
867 1123 0.0 0.0
867 1124 0.0 0.0
867 1125 0.0 0.0
867 1126 0.0 0.0
867 1127 0.0 0.0
867 1128 0.11510000000000001 0.09681398401057566
867 1129 5e-05 5e-05
867 1130 5e-05 5e-05
868 1099 0.0 0.0
868 1100 0.0 0.0
868 1101 0.0 0.0
868 1102 0.0 0.0
868 1103 0.0 0.0
868 1104 0.0 0.0
868 1105 0.0 0.0
868 1106 0.0 0.0
868 1107 0.0 0.0
868 1108 0.0 0.0
868 1109 0.0 0.0
868 1110 0.0 0.0
868 1111 0.0 0.0
868 1112 0.0 0.0
868 1113 0.0 0.0
868 1114 0.0 0.0
868 1115 0.0 0.0
868 1116 0.0 0.0
868 1117 0.0 0.0
868 1118 0.0 0.0
868 1119 0.0 0.0
868 1120 0.0 0.0
868 1121 0.0 0.0
868 1122 0.0 0.0
868 1123 0.0 0.0
868 1124 0.0 0.0
868 1125 0.0 0.0
868 1126 0.0 0.0
868 1127 0.0 0.0
868 1128 0.15314999999999998 0.0584396376614366
868 1129 0.0001 0.0001
868 1130 0.00465 0.00465
869 1099 0.0 0.0
869 1100 0.0 0.0
869 1101 0.0 0.0
869 1102 0.0 0.0
869 1103 0.0 0.0
869 1104 0.0 0.0
869 1105 0.0 0.0
869 1106 0.0 0.0
869 1107 0.0 0.0
869 1108 0.0 0.0
869 1109 0.0 0.0
869 1110 0.0 0.0
869 1111 0.0 0.0
869 1112 0.0 0.0
869 1113 0.0 0.0
869 1114 0.0 0.0
869 1115 0.0 0.0
869 1116 0.0 0.0
869 1117 0.0 0.0
869 1118 0.0 0.0
869 1119 0.0 0.0
869 1120 0.0 0.0
869 1121 0.0 0.0
869 1122 0.0 0.0
869 1123 0.0 0.0
869 1124 0.0 0.0
869 1125 0.0 0.0
869 1126 0.0 0.0
869 1127 0.0 0.0
869 1128 0.0 0.0
869 1129 0.0 0.0
869 1130 0.0 0.0
870 1099 0.0 0.0
870 1100 0.0 0.0
870 1101 0.0 0.0
870 1102 0.0 0.0
870 1103 0.0 0.0
870 1104 0.0 0.0
870 1105 0.0 0.0
870 1106 0.0 0.0
870 1107 0.0 0.0
870 1108 0.0 0.0
870 1109 0.0 0.0
870 1110 0.0 0.0
870 1111 0.0 0.0
870 1112 0.0 0.0
870 1113 0.0 0.0
870 1114 0.0 0.0
870 1115 0.0 0.0
870 1116 0.0 0.0
870 1117 0.0 0.0
870 1118 0.0 0.0
870 1119 0.0 0.0
870 1120 0.0 0.0
870 1121 0.0 0.0
870 1122 0.0 0.0
870 1123 0.0 0.0
870 1124 0.0 0.0
870 1125 0.0 0.0
870 1126 0.0 0.0
870 1127 0.0 0.0
870 1128 0.0 0.0
870 1129 0.0 0.0
870 1130 0.0 0.0
