# sela selb Avg-corr Err
835 1099 -0.007540698624490899 0.056891126700101866
835 1100 -0.0011293932664400929 0.05709040153936665
835 1101 -0.01564839907070597 0.04179207274645566
835 1102 -0.0007079307500855988 0.03770861061289278
835 1103 -0.011031007031876594 0.04408144476332809
835 1104 0.01303762682565136 0.06472491781045075
835 1105 0.0534302423164027 0.043123630135466814
835 1106 0.044520308604839985 0.04266575102328596
835 1107 0.10704259527946827 0.040743188304734924
835 1108 0.07160486766507182 0.04450260199045749
835 1109 0.06121372299590423 0.05259241447715731
835 1110 0.05045861869129483 0.049574821314295636
835 1111 0.08452893845213565 0.061748026873996116
835 1112 0.12382939525417813 0.05530669784163345
835 1113 0.13170318195224368 0.043568189134614875
835 1114 0.15303425256940675 0.04370846812012211
835 1115 0.05007194214853651 0.02284102643995275
835 1116 0.08696871891300365 0.03225605788102274
835 1117 0.10278432436917821 0.04804695810771009
835 1118 0.05892413357750116 0.028303368238135014
835 1119 -0.025071395998437208 0.05620470118883982
835 1120 0.005541783396350791 0.04843481063533098
835 1121 0.009035094284084985 0.0391506053853357
835 1122 0.0026693852720512195 0.044493366002117694
835 1123 -0.005293972681322928 0.04729187366408787
835 1124 -0.0025619785700822352 0.04254430395841157
835 1125 0.011435155068505856 0.041495003841331604
835 1126 0.01129289102533222 0.04098004358437118
835 1127 -0.005296073958073075 0.047484379445185805
835 1128 0.009951379843604497 0.05020932873522661
835 1129 0.023970478294721258 0.06010379248255115
835 1130 0.019318866646916462 0.057769905474354254
836 1099 0.015592489428182504 0.0612539868522116
836 1100 0.025864957467097004 0.05541902197530478
836 1101 0.0009000279973732844 0.040438800252745676
836 1102 -0.006858267142830847 0.045564140830904244
836 1103 -0.00612480951140022 0.04267690000653334
836 1104 0.01509732726335013 0.059555847065198245
836 1105 0.03251490664763304 0.048007128476066314
836 1106 0.04500542643956945 0.035242133972376986
836 1107 0.10495374833991881 0.03740181362446642
836 1108 0.06222305682291747 0.04287635196942556
836 1109 0.0442557730282022 0.051313518218083616
836 1110 0.04396676453230297 0.054447642907698136
836 1111 0.06988653996733926 0.0652538833630732
836 1112 0.11754939585660373 0.05809331446432221
836 1113 0.12506572714437275 0.05310091724030238
836 1114 0.1347719456189894 0.048596974058650724
836 1115 0.054980709500116354 0.02691376521255198
836 1116 0.07618266059966085 0.032942176629200265
836 1117 0.08554479082869607 0.04299749602058683
836 1118 0.05299375843429336 0.03573837746881692
836 1119 -0.02398693352103847 0.056432045586687477
836 1120 0.021888053550493516 0.05029622143436714
836 1121 0.024624650652186792 0.04179641571395209
836 1122 0.01519411771637777 0.044430286888599374
836 1123 0.009989403961401005 0.046722598883820625
836 1124 0.015381130047099834 0.04284189106580812
836 1125 0.028475541948084493 0.042546238862476514
836 1126 0.03285576540325279 0.041742489979948984
836 1127 0.01552193909585436 0.047312687718485756
836 1128 0.02406779954839021 0.04817303953553803
836 1129 0.043275725795691944 0.060347558719070035
836 1130 0.035863729376092154 0.06290071335674252
837 1099 0.00966476219124271 0.05814530353118417
837 1100 0.03754492739462944 0.051502471923547864
837 1101 0.018845252839323545 0.04380908380157867
837 1102 0.00025697090868200977 0.04976994224657428
837 1103 -0.006285424381768922 0.0468554678492007
837 1104 0.014595330299848192 0.05729883379461241
837 1105 0.0014337963669107223 0.06643124696338248
837 1106 0.039307677240067174 0.03613538286650746
837 1107 0.0854764522397281 0.039543375151258116
837 1108 0.06135404813953148 0.04164327610465292
837 1109 0.04701195591512656 0.047425864281154
837 1110 0.06228900827109477 0.05676846397022188
837 1111 0.08238691058617202 0.06320014910283833
837 1112 0.11597600085613373 0.06752024161488865
837 1113 0.14149230748475583 0.05177562153879947
837 1114 0.14392382565904277 0.051723882412605865
837 1115 0.09660059519487378 0.044393903636443605
837 1116 0.09434010624946776 0.04071818898363107
837 1117 0.1046996147935324 0.04663023779576916
837 1118 0.05681160513015167 0.03982422127036006
837 1119 -0.014205958275264954 0.047428221556652474
837 1120 0.02491120921400609 0.04189430833509888
837 1121 0.03305967805954659 0.04190322535938883
837 1122 0.027032085992554356 0.04601697634876057
837 1123 0.024587090245723104 0.045048242406808214
837 1124 0.027549356231506745 0.042681282582885074
837 1125 0.04335189561836422 0.04289688599387131
837 1126 0.052637834812283714 0.043223805018006684
837 1127 0.03429905522895584 0.04657994124663736
837 1128 0.04169311009000915 0.048571617952647486
837 1129 0.06311738785275287 0.059834158413781514
837 1130 0.06485993338935644 0.06072891091971734
838 1099 0.040812155321699496 0.05345418104604186
838 1100 0.08143456571363791 0.05574539082420686
838 1101 0.055415344641932554 0.04434880170505476
838 1102 0.024858779870821437 0.038255013808010656
838 1103 0.02329397772157914 0.034925082536252074
838 1104 0.04572817659485782 0.05047960138442395
838 1105 0.02640613031610013 0.05032041505124304
838 1106 0.057654392190558436 0.02370016894647735
838 1107 0.10434360035027282 0.02344024931986746
838 1108 0.10331261825593374 0.02663282647414697
838 1109 0.08453717622395042 0.031732841238402185
838 1110 0.07909138574237762 0.062403204552376974
838 1111 0.11019184774709356 0.06491684952979056
838 1112 0.1344947090601272 0.06425970995499049
838 1113 0.1474777777590201 0.05097102546124257
838 1114 0.13993390758991398 0.04713405294475135
838 1115 0.10702732747898358 0.04536905436590045
838 1116 0.11214828625026563 0.04456735202390365
838 1117 0.11634022836886251 0.04625833545103229
838 1118 0.08321529937321669 0.037967179546132775
838 1119 0.010059924331958413 0.04008411905751667
838 1120 0.05380134650323363 0.03538939741252536
838 1121 0.07261513994194516 0.03915533224502443
838 1122 0.06306177216429373 0.04388253376660422
838 1123 0.06336594400926332 0.043859893581127664
838 1124 0.06577935808028115 0.041416780869953616
838 1125 0.07696422577499329 0.041068164429312506
838 1126 0.08590737219047162 0.03909875988876814
838 1127 0.06817354075816742 0.0425090253224881
838 1128 0.06857395154651703 0.03995273754488747
838 1129 0.08707890139730153 0.048790439396868626
838 1130 0.09390427667636318 0.05136290625728464
839 1099 0.0669109632746272 0.06600147964270077
839 1100 0.09878575170328306 0.07031631113350785
839 1101 0.06486808901798728 0.05313057701229375
839 1102 0.03432421633029133 0.045082232707876674
839 1103 0.03431775413548468 0.02828737252015047
839 1104 0.06505671350735462 0.048614376827202724
839 1105 0.04704686679337891 0.04750387545629365
839 1106 0.07242178644929576 0.02229172609353736
839 1107 0.1246495014047407 0.02596645764219984
839 1108 0.12036918895187862 0.02708319614094653
839 1109 0.09774014848528305 0.023339514011261733
839 1110 0.08648161832258057 0.057138405213075345
839 1111 0.1125955812733278 0.06405245140992971
839 1112 0.13873738286705573 0.061186797854294574
839 1113 0.1386618215104865 0.052833781249044746
839 1114 0.12754467429238794 0.04443607160775563
839 1115 0.09297288949435453 0.04292283186629962
839 1116 0.10318672944948348 0.04130060323246052
839 1117 0.1059030839604433 0.04474975183973217
839 1118 0.08777643462360082 0.03727509200593283
839 1119 0.01743491549101836 0.0462309379845344
839 1120 0.06737777732017709 0.04252872412537374
839 1121 0.08850320400246649 0.044349236706485544
839 1122 0.08104521462894154 0.04988377632553868
839 1123 0.08169293430807625 0.052139863431951886
839 1124 0.08245484531331651 0.04763097488905935
839 1125 0.0937881167311603 0.04528594724129038
839 1126 0.10233845065374088 0.04397048081763078
839 1127 0.08447745128433426 0.04698057315221245
839 1128 0.0838070109288471 0.04089777131959266
839 1129 0.10071349478435346 0.05001662301938874
839 1130 0.102461771294303 0.05282065664959431
840 1099 0.07237309062874765 0.046692369799241906
840 1100 0.10112513795574189 0.05027330511549155
840 1101 0.08488753664584217 0.04733955951830038
840 1102 0.04586993333165899 0.04713675612918924
840 1103 0.03171559767800515 0.0314074446030989
840 1104 0.05069992282000305 0.036350390955882585
840 1105 0.02852750967864332 0.04244035390373312
840 1106 0.05836220725783052 0.020864622990502825
840 1107 0.09551333542647039 0.016538610340313415
840 1108 0.08082425542954763 0.04178382431523405
840 1109 0.06698126820798281 0.03229087934651447
840 1110 0.07137622943757953 0.052235847271942915
840 1111 0.08912207607298758 0.06283507053158441
840 1112 0.11665971471853229 0.06491971789732924
840 1113 0.13635604631388512 0.06239455509850174
840 1114 0.12565677433682054 0.06116649985716712
840 1115 0.09163747586773116 0.0566420414408261
840 1116 0.07581954944641156 0.051143389892804175
840 1117 0.0850107717306257 0.038317245360378456
840 1118 0.06877917310408757 0.04849521633490867
840 1119 0.030490758153660015 0.04227264897597198
840 1120 0.09014567413775855 0.03758429544292171
840 1121 0.1085282778774247 0.03891569000997185
840 1122 0.09706305951534451 0.043150437760474704
840 1123 0.09981923523397658 0.04487851149554613
840 1124 0.10224044908140921 0.040138583669586024
840 1125 0.11250332180711613 0.03903892015254753
840 1126 0.12209227847099882 0.04176276295401814
840 1127 0.1076218456667027 0.04326985344958608
840 1128 0.11197002213633085 0.038157993702122917
840 1129 0.12678246105768087 0.04562057618802097
840 1130 0.12192526132811361 0.05270708685049529
841 1099 0.06962181410966106 0.020055186000079498
841 1100 0.12175932313224751 0.04164393421704536
841 1101 0.10813847845568154 0.05035241115344541
841 1102 0.05830577079070225 0.03522155864652668
841 1103 0.026547230665875228 0.038592479140333716
841 1104 0.04327951280224572 0.03674845214729241
841 1105 0.003381096078824372 0.034160412008803154
841 1106 0.03463368132625967 0.021210845793282203
841 1107 0.06010043469688979 0.026943077074481174
841 1108 0.09507943497851372 0.03858632719692766
841 1109 0.09514471688624179 0.037244963182820306
841 1110 0.09188431938213636 0.060018707815950645
841 1111 0.10196293195572322 0.05514870814913762
841 1112 0.12798326814947372 0.06252286083444283
841 1113 0.15013051357921922 0.055837928168634754
841 1114 0.13854852437924 0.06233046192589548
841 1115 0.1095380873364417 0.06427820981975857
841 1116 0.08629210334026481 0.05922972536837791
841 1117 0.08253796381300334 0.0447520341665239
841 1118 0.07379760635343503 0.04265041712674073
841 1119 0.035713853488994945 0.024059664103778026
841 1120 0.1061895785275259 0.021242937938737834
841 1121 0.13551009355988627 0.029850594853031646
841 1122 0.11925800420508943 0.034379005668253665
841 1123 0.12032099139294912 0.03328347679060447
841 1124 0.12608406392171806 0.029773160290097113
841 1125 0.1352087603935377 0.030922202541355432
841 1126 0.14266854484604266 0.03116107352824825
841 1127 0.1312861880086921 0.029917767306023732
841 1128 0.13509844024025397 0.027134691386737624
841 1129 0.140302528998651 0.032227087924587526
841 1130 0.14802232966930343 0.0390699381183572
842 1099 0.11824660575091461 0.03983581875038132
842 1100 0.15685456543996082 0.06271098701830675
842 1101 0.11802898547145038 0.04943242826590101
842 1102 0.07341116094805625 0.03597575967682069
842 1103 0.05584818427487677 0.031161083010468726
842 1104 0.08166455766004492 0.04093654755286404
842 1105 0.048297605278845 0.038048426122238604
842 1106 0.07144863905845367 0.010760576801736584
842 1107 0.09963705320916974 0.008845535276270137
842 1108 0.14455716224011256 0.04862476274272208
842 1109 0.12481159766786054 0.03879158184583308
842 1110 0.10911897582476546 0.05357147029579333
842 1111 0.11649173712223733 0.048435096754333905
842 1112 0.11195607917907635 0.05086834168298783
842 1113 0.09525689505323941 0.043545138299492525
842 1114 0.09316681873633259 0.03672652707517223
842 1115 0.0961478405520987 0.057078040427257254
842 1116 0.10428154696559067 0.049693903642930796
842 1117 0.09846121090474347 0.03999836360968063
842 1118 0.10862817328566272 0.034329751416457124
842 1119 0.07183321668023236 0.028515682707850543
842 1120 0.13448232630062693 0.026060624720802308
842 1121 0.17550745873927848 0.03595096220330715
842 1122 0.16284899528348834 0.04489669230716219
842 1123 0.16471264434546648 0.042925199355158754
842 1124 0.16525849150528482 0.036909656944913646
842 1125 0.16693285124353935 0.04019641657445364
842 1126 0.17147718353702118 0.038560392783153756
842 1127 0.15960200703718547 0.03427382458295875
842 1128 0.1483613070741089 0.03266185860437538
842 1129 0.1442903249142808 0.031347037008383
842 1130 0.155908386569168 0.03693646966948645
843 1099 0.16796229973112173 0.0570632398200453
843 1100 0.18724041832201807 0.06424668447116415
843 1101 0.15207274543136828 0.045350330685659114
843 1102 0.1179281523279091 0.04694011987776635
843 1103 0.09399269839628123 0.03438439502772604
843 1104 0.12696618665388065 0.045762842699284566
843 1105 0.09229352050324677 0.042058957557532875
843 1106 0.1110387414603643 0.011581898032395547
843 1107 0.13993675700793462 0.021261971494387258
843 1108 0.1308999633589775 0.04396191369654905
843 1109 0.10902098273484577 0.027223485976942872
843 1110 0.09580981339303836 0.04946755023322933
843 1111 0.09908998119516538 0.055203819523538596
843 1112 0.09657454784716991 0.05782434197279614
843 1113 0.08811686578024408 0.048870082185640894
843 1114 0.07003763633260829 0.038173726846471
843 1115 0.08883182610738265 0.05776965557839158
843 1116 0.09642306650461911 0.05212338993245001
843 1117 0.11328044012144844 0.0432839543493045
843 1118 0.12110476328508815 0.04534650322775904
843 1119 0.11363282168074093 0.0322977957043953
843 1120 0.1676039159480242 0.032634357605690695
843 1121 0.19710998597776075 0.03700861595025491
843 1122 0.18935492538064558 0.046589658242265304
843 1123 0.19418652078231177 0.04647094443171194
843 1124 0.18752073248437928 0.03774206869138432
843 1125 0.18538690464202923 0.039685872810021526
843 1126 0.19400693994576526 0.04532923762100965
843 1127 0.18411499279556504 0.03857104968850981
843 1128 0.16790406751057502 0.030318547973528842
843 1129 0.16408071991188172 0.03341268270437997
843 1130 0.16876258635932667 0.041352919824095134
844 1099 0.18572127007625783 0.027192447685732632
844 1100 0.21544767541480567 0.048329513433313584
844 1101 0.18696415235906486 0.050580379846434195
844 1102 0.14310476756077986 0.04564272841052643
844 1103 0.09072148664361838 0.041620136229351394
844 1104 0.10497002433054133 0.04094668515661603
844 1105 0.0657107169154196 0.026771392879855593
844 1106 0.0902690626858684 0.03542323834183025
844 1107 0.11023182777536292 0.03255470942178313
844 1108 0.101434214556648 0.06544873238614426
844 1109 0.09300456943108305 0.05323259205279416
844 1110 0.09335392998859646 0.06796347228940577
844 1111 0.0907842053252641 0.06898940949598815
844 1112 0.11096128094634441 0.07323391537941548
844 1113 0.13194411172371298 0.06612563068320665
844 1114 0.08668623339550585 0.06749012180567182
844 1115 0.10116594539855524 0.07361241920306835
844 1116 0.06782384496668656 0.06823836830955658
844 1117 0.08799154907419612 0.04554920172189503
844 1118 0.09997254413931558 0.05475555751003545
844 1119 0.12192034876758277 0.02028476560480854
844 1120 0.2009670478579025 0.016710310253206708
844 1121 0.22644816198022025 0.022945021211197975
844 1122 0.20879037183204066 0.03181657714323062
844 1123 0.21756581446371986 0.032380523286370914
844 1124 0.21706949356806587 0.024233226163864467
844 1125 0.21372924916043995 0.028547977872031814
844 1126 0.22276932995422585 0.03448491294959373
844 1127 0.2169675766757863 0.030590931865504833
844 1128 0.2090807276172128 0.02268866145296346
844 1129 0.2039767669677055 0.029600764975804036
844 1130 0.2043088657480981 0.04416674479790495
845 1099 0.19420386692521938 0.017369193375498707
845 1100 0.22706128028361644 0.057277438269401584
845 1101 0.1795590785525929 0.05665167978174244
845 1102 0.13113024295739506 0.04687973963075954
845 1103 0.10144938666542576 0.049046227943813706
845 1104 0.11189029286164472 0.05683680795133529
845 1105 0.07314777955341786 0.04842696320114342
845 1106 0.10366657845731461 0.03014413332330717
845 1107 0.08524933579665187 0.03953439201342205
845 1108 0.1805524370482818 0.08688240466794676
845 1109 0.1552267470465391 0.09106379042184393
845 1110 0.1314087828988325 0.0776972004296918
845 1111 0.14986790164229352 0.06031804830710297
845 1112 0.11550601191642411 0.051198633546704765
845 1113 0.0797690951704825 0.05516051083095592
845 1114 0.06627553131141539 0.03730138076452287
845 1115 0.1070769745059023 0.06932288913222034
845 1116 0.08401092617516917 0.07336352283530495
845 1117 0.08983647109111895 0.058026274187014185
845 1118 0.12220322729999807 0.04670774370594274
845 1119 0.14712429234571042 0.02158534466273249
845 1120 0.23880969585833892 0.008705023020440327
845 1121 0.28811677559195575 0.01604729412495466
845 1122 0.2623942121120473 0.022849187120654535
845 1123 0.26188397813478204 0.019967076208341643
845 1124 0.26610137712557097 0.018021216096442156
845 1125 0.2613879310225194 0.023739590505880127
845 1126 0.2504693338502248 0.020499860860517187
845 1127 0.23458851751768822 0.020476222994813446
845 1128 0.2172998639709774 0.030384148575042225
845 1129 0.20526091588393153 0.02566379238829368
845 1130 0.20079598370549653 0.03905769661237117
846 1099 0.28156776443073916 0.05500808095466052
846 1100 0.2649038443905478 0.06518229527410828
846 1101 0.19393131875002367 0.04253470125859832
846 1102 0.17149740132185537 0.05476860060666416
846 1103 0.16222217096845476 0.07212674232075458
846 1104 0.17014217289410413 0.09091556589820286
846 1105 0.14179097202538232 0.07799694813085074
846 1106 0.154619809401488 0.06513512786616252
846 1107 0.16175485766423264 0.07176610890250495
846 1108 0.19485611778909626 0.09162265032354425
846 1109 0.13871467761954273 0.06311996934111645
846 1110 0.0978817425209871 0.05503807263127946
846 1111 0.10406655108874019 0.04381271343630556
846 1112 0.0647812531725496 0.06321525990822013
846 1113 0.012466724015591945 0.0852978982142797
846 1114 -0.010800960773168262 0.05017769812453943
846 1115 0.06549377932002388 0.06016870000901258
846 1116 0.08096625733770929 0.059977357942758394
846 1117 0.10906972538860675 0.0594890579933008
846 1118 0.1554360140244089 0.055637111736891814
846 1119 0.2015149097352423 0.02196120760520282
846 1120 0.27322932538847655 0.02012778769099358
846 1121 0.3236125555004129 0.024571303990815318
846 1122 0.3078411445762738 0.03333788253444971
846 1123 0.3064383600910395 0.029130554939330804
846 1124 0.2968394892838388 0.0251879803282848
846 1125 0.29185884403256146 0.032187636686614896
846 1126 0.28138513251386643 0.03394240288288079
846 1127 0.2593896480809364 0.029120800823231322
846 1128 0.21776786124299452 0.0502755395345302
846 1129 0.2104294382416802 0.038594446599603656
846 1130 0.20766550622769242 0.043109526107486924
847 1099 0.32436604740351743 0.06312155773267468
847 1100 0.29443704259028 0.04901915733075565
847 1101 0.22766036481753255 0.03164330339498701
847 1102 0.21028845368380175 0.049109162259979626
847 1103 0.17348560676242916 0.059735004291352214
847 1104 0.1845816404376122 0.07690731470391034
847 1105 0.1594981867475575 0.06934707840083239
847 1106 0.16335604796842867 0.05975108330028754
847 1107 0.1892417091559903 0.07977633713205612
847 1108 0.12903639410937356 0.07252941860223851
847 1109 0.06879888764381478 0.06259116430008786
847 1110 0.05495913930122777 0.06171120767614702
847 1111 0.06738261623113437 0.0685052933311817
847 1112 0.06563655718242192 0.07787911242804553
847 1113 0.05598143251657748 0.0770531856074295
847 1114 0.02681441853389045 0.06663944949393838
847 1115 0.07104286375508036 0.054083122520016506
847 1116 0.07763008775418584 0.06554349267386571
847 1117 0.11706701051761903 0.06139784430213988
847 1118 0.16285276559973466 0.06107014822365156
847 1119 0.213563138061526 0.015961144266208333
847 1120 0.2809172911264472 0.022300029239552543
847 1121 0.31303262643637225 0.02252794949893931
847 1122 0.3026108554998278 0.03259825727847418
847 1123 0.3072168674633859 0.03129817974204983
847 1124 0.29417725668650524 0.02033117870865224
847 1125 0.2889315069794228 0.02629566606252469
847 1126 0.28688918260058865 0.03693121530938204
847 1127 0.26902808341877477 0.02496851261873324
847 1128 0.2318825453889155 0.03592666753293985
847 1129 0.22731280538366208 0.023363318752779413
847 1130 0.21922314059424003 0.044520775985536706
848 1099 0.28705517410383835 0.041120968310199645
848 1100 0.3035492337154889 0.05762633558117014
848 1101 0.2327057058743068 0.05550777790975622
848 1102 0.18919588104026278 0.04909246128068118
848 1103 0.14985456259844648 0.0504111543205836
848 1104 0.16346789868482436 0.06603967616428738
848 1105 0.11173938960593652 0.06092220440962681
848 1106 0.14477186938053271 0.03695071006610171
848 1107 0.13374026014131374 0.04675270374336803
848 1108 0.14740783291175447 0.08293278739132112
848 1109 0.1042458695173599 0.09095448764183435
848 1110 0.09080747431863365 0.0801617782556921
848 1111 0.11384476889108279 0.06498982337296798
848 1112 0.10707088519612004 0.060210259717654216
848 1113 0.09753039259274832 0.06680807850302264
848 1114 0.0749403659477695 0.0691911040644651
848 1115 0.11238055386843396 0.06941500770445055
848 1116 0.08336649335358386 0.0897758423221445
848 1117 0.11119281367831342 0.07324183519676401
848 1118 0.1526342408409131 0.06707017760298935
848 1119 0.2221549984779984 0.020822230234997553
848 1120 0.3209601997743365 0.020471320738357803
848 1121 0.36129095292688773 0.020735730658134024
848 1122 0.3375358238921409 0.0243388195767898
848 1123 0.33597113464942713 0.021692958668512636
848 1124 0.32689201606726426 0.016712313944968638
848 1125 0.31723543186174497 0.020740412914796096
848 1126 0.307394754118614 0.022696654119118347
848 1127 0.2863767930204418 0.020385492398460735
848 1128 0.25526529215607346 0.03140121854931699
848 1129 0.24206843057116326 0.018466777326661805
848 1130 0.22321260582534902 0.040718365299198096
849 1099 0.29397352108802643 0.04530033463782864
849 1100 0.29526262181358 0.07309679634274723
849 1101 0.20972434253698663 0.06571460813758077
849 1102 0.17624571650181262 0.06693293004115286
849 1103 0.17005031244380123 0.08402787790568422
849 1104 0.1780545054184869 0.09981728894263026
849 1105 0.1187328303220053 0.08083360188297682
849 1106 0.15512265537068778 0.07045368914312379
849 1107 0.12950380413302626 0.06169678809329116
849 1108 0.21531793246536216 0.1156095898833253
849 1109 0.15523680549150704 0.10028718930054643
849 1110 0.10820525808958428 0.0749110169162897
849 1111 0.12627454045788403 0.05802393443016392
849 1112 0.06373621972845975 0.05173343749022088
849 1113 -0.0009833555639482267 0.09432374931072599
849 1114 -0.018295891802113804 0.04626231834510449
849 1115 0.07720299038911377 0.08121283587366016
849 1116 0.07769319795162875 0.077342989853975
849 1117 0.10376536884038332 0.0739659682974335
849 1118 0.16359099705800018 0.05862383477986289
849 1119 0.24145860981954043 0.0358403207323836
849 1120 0.34049185209335636 0.0347612881877872
849 1121 0.40079945529587624 0.029822810101648774
849 1122 0.37247818359968293 0.0344641189067754
849 1123 0.36533492259253897 0.03599621295513877
849 1124 0.35465429924465974 0.039442916195280946
849 1125 0.338039091854241 0.04574019692222841
849 1126 0.3190054118123413 0.04473125674413465
849 1127 0.29544212864021346 0.049840116968423324
849 1128 0.24233618649037109 0.07117139928543276
849 1129 0.22029023869197406 0.06353783557206107
849 1130 0.2147197723489906 0.06438734672786647
850 1099 0.370408726731731 0.06432561414176453
850 1100 0.3358666741162038 0.06420317029149472
850 1101 0.2470201650816694 0.05515717581500618
850 1102 0.21551223296018499 0.06157591739774427
850 1103 0.18954984601063193 0.09521367543709486
850 1104 0.21069106243121097 0.11081306641414121
850 1105 0.16564019081802633 0.09448250450163385
850 1106 0.18430415029271496 0.08351426880241472
850 1107 0.17903286916496447 0.10003812181199916
850 1108 0.17237023699820725 0.10458506141077673
850 1109 0.09166653533408646 0.08496611464536022
850 1110 0.05666177105874428 0.06715042015656834
850 1111 0.06644281248212418 0.05305239490593899
850 1112 0.020322930865749236 0.07166130301373798
850 1113 -0.03223514379975112 0.10488400126673908
850 1114 -0.0626663941826362 0.07135279110931307
850 1115 0.05458881595325652 0.0705551023371326
850 1116 0.0643072892738115 0.08035947973583972
850 1117 0.11099072810005037 0.08511045940692584
850 1118 0.17313323714799017 0.0718265412283439
850 1119 0.27407390262393083 0.0370804550217019
850 1120 0.340546782931172 0.03418529073882516
850 1121 0.3898979907867228 0.029506781660874365
850 1122 0.3796774201447349 0.03229620271332446
850 1123 0.37956095417876873 0.0305379492163533
850 1124 0.361825890464317 0.03001690371344716
850 1125 0.34494659459563565 0.03855305454549481
850 1126 0.3288579497308614 0.045359131126383026
850 1127 0.3116327295991516 0.04067106543372532
850 1128 0.25591043773263067 0.06697837113361138
850 1129 0.23818677241867992 0.061443050474428884
850 1130 0.22794300316616461 0.061644107796076375
851 1099 0.39866567764283206 0.058579676822212275
851 1100 0.3681669834980555 0.05453000554930127
851 1101 0.2732269437536715 0.050501248961027756
851 1102 0.24099933706077503 0.04980911555855252
851 1103 0.20032669052230911 0.07819691416035378
851 1104 0.2116102902446419 0.09987582345268112
851 1105 0.16642745441180132 0.09200886948238993
851 1106 0.19761399724049633 0.0755959239433949
851 1107 0.1881534200774807 0.10088743259801204
851 1108 0.1301917844517148 0.100480184122748
851 1109 0.04454378524105572 0.10659560713263919
851 1110 0.03098563968680043 0.08278409675353023
851 1111 0.0487236481887303 0.07184309008879208
851 1112 0.03161709961070528 0.07704690756135982
851 1113 0.018860790689160502 0.09396277598714499
851 1114 -0.01923902022372344 0.07904837754040822
851 1115 0.08989616803961249 0.06929369522373476
851 1116 0.06453588335569417 0.09600038141891581
851 1117 0.10829405760047998 0.08872739875839485
851 1118 0.1684998893646064 0.08040496892939182
851 1119 0.28166174548701095 0.03236972252227557
851 1120 0.3541261204213829 0.038626424466360144
851 1121 0.3878726593390492 0.03314671895715374
851 1122 0.3783870883834752 0.03589055389112702
851 1123 0.38347555533625255 0.03301916750913247
851 1124 0.36731203248540195 0.024673169574714444
851 1125 0.3534200575830547 0.02731330671578559
851 1126 0.33793029267842456 0.04006472985661522
851 1127 0.3192498473214468 0.03491240564389302
851 1128 0.27341482414521423 0.05128634613596861
851 1129 0.25649913315702283 0.037740365633634095
851 1130 0.2284497592971671 0.056070389883711914
852 1099 0.4208827674551855 0.04547029034111404
852 1100 0.39733877801328815 0.06476921438397584
852 1101 0.28686026071676773 0.0591732834270685
852 1102 0.2584389609051063 0.05297920509231003
852 1103 0.2014715472502052 0.07783806556927679
852 1104 0.2079602556209179 0.09920231433661418
852 1105 0.15669312346636188 0.08861581263934784
852 1106 0.19419675229942127 0.07124312230413862
852 1107 0.15969156909134546 0.0812995347683966
852 1108 0.18135980491782416 0.11757568650009287
852 1109 0.11041214987811054 0.11202901259098942
852 1110 0.0665953264490384 0.08012530311865058
852 1111 0.09228330856934944 0.06628709361269043
852 1112 0.06467925910626926 0.07116831684583444
852 1113 0.04031926857614956 0.1014152791826723
852 1114 0.01085971238528507 0.0727160405142311
852 1115 0.13249443248303622 0.06536819141403517
852 1116 0.11098052172256234 0.0989626337098832
852 1117 0.1439653451369483 0.09359075843154725
852 1118 0.211391068755796 0.07905513939916713
852 1119 0.32897827273241986 0.03967524451298208
852 1120 0.42089338702671764 0.04370120076389356
852 1121 0.47534034225865646 0.04242341352547202
852 1122 0.45329900982625926 0.03933449991569333
852 1123 0.4555626813411112 0.03667211473544037
852 1124 0.44717261929341073 0.03411403828632029
852 1125 0.4321922891236352 0.034859643100420626
852 1126 0.407876236624532 0.040467235600370126
852 1127 0.3816801919061629 0.046896290414396614
852 1128 0.33259435922620845 0.06600289744010904
852 1129 0.30577335757160007 0.04846699999114074
852 1130 0.2684392195665757 0.06765188058423494
853 1099 0.4537204548575165 0.047046301253687244
853 1100 0.4136074160702873 0.06754295089043746
853 1101 0.30411265495090267 0.067033202816719
853 1102 0.28648995635629726 0.060175508185237654
853 1103 0.23005280276766146 0.09834914937108569
853 1104 0.2188233539339186 0.12192403757155722
853 1105 0.15876089972199933 0.09664841365070198
853 1106 0.2150661179739782 0.08402353647297607
853 1107 0.17523109171600304 0.09228226932342658
853 1108 0.20511100519306041 0.12386531549568221
853 1109 0.12358147997799622 0.10430615535192322
853 1110 0.07803592666904398 0.07661132102150432
853 1111 0.10709392439984611 0.06707507967745951
853 1112 0.055435898778088744 0.08333768949141122
853 1113 0.012174641931480424 0.12881778203562214
853 1114 -0.014070704547811189 0.08610695264496011
853 1115 0.11102930834000795 0.06159363226316626
853 1116 0.11289666781665161 0.09475766395099607
853 1117 0.14846188671140204 0.0991447404562596
853 1118 0.23197933659236575 0.07527923631080999
853 1119 0.366263139721377 0.0443466117879927
853 1120 0.4603078893861999 0.04633905906508696
853 1121 0.5286288010819543 0.04384983973843689
853 1122 0.506680494598144 0.039055344555819965
853 1123 0.5059275101385026 0.03990986192432772
853 1124 0.4981426309170124 0.04207736485316489
853 1125 0.4849350556788745 0.039991729034010874
853 1126 0.4578414382268064 0.04492392170167219
853 1127 0.43083364189422835 0.06116726049836956
853 1128 0.3817695071201681 0.08543094901734725
853 1129 0.360654349982234 0.06365539192416265
853 1130 0.3190125221094342 0.07876092051399096
854 1099 0.44560748232964065 0.06352917226686886
854 1100 0.39102727652024066 0.0754176300314315
854 1101 0.282397401041418 0.07642356934967814
854 1102 0.27303909207772414 0.053683253758030264
854 1103 0.2171913619771107 0.09324543894987489
854 1104 0.19853597945060455 0.12241928269884078
854 1105 0.12758818749918133 0.10770656610835505
854 1106 0.19474626472901524 0.09051855649149797
854 1107 0.15717029021825435 0.10940853372488478
854 1108 0.13564012924942054 0.11933838301776724
854 1109 0.04146992910168129 0.10841657987921846
854 1110 0.02301157876450815 0.07907420804935897
854 1111 0.06419878456494767 0.07048182507471437
854 1112 0.015425771534530796 0.08666885725764882
854 1113 -0.014756842102952347 0.12249156950194595
854 1114 -0.043631397489289916 0.09226045675430629
854 1115 0.07488475290274393 0.07024858765354969
854 1116 0.0646468894785596 0.10053025991033357
854 1117 0.11050019772858637 0.09578832570766688
854 1118 0.1924370796106108 0.08425577286204065
854 1119 0.3199562821031253 0.03932128941893372
854 1120 0.40901733692534237 0.04201819332489565
854 1121 0.46443209512955963 0.03368991291564493
854 1122 0.4607119894811057 0.031610060467886655
854 1123 0.462256063093721 0.03533477533789251
854 1124 0.43986426303586035 0.03700912309223639
854 1125 0.4328130461429776 0.03350663975847698
854 1126 0.41870880278724043 0.03730504444387515
854 1127 0.39116567475412833 0.050866867703657385
854 1128 0.3348732491249575 0.07407713142340411
854 1129 0.32656771540639723 0.05133282871510291
854 1130 0.28845092102598885 0.06348290774408612
855 1099 0.4801726975048295 0.05505714024287947
855 1100 0.42720130831558595 0.062104076627676856
855 1101 0.310899354520722 0.05221472190220649
855 1102 0.296457499473573 0.04022548620920527
855 1103 0.23489669280151593 0.07696508214201946
855 1104 0.20907513090273536 0.1074554506244387
855 1105 0.1427012924536308 0.10235596573563963
855 1106 0.18811091196714988 0.08500940116866082
855 1107 0.15994851564330476 0.10443865060778244
855 1108 0.12923593622103607 0.11763153106785033
855 1109 0.03277225205678628 0.11492250470170476
855 1110 0.00964671554053298 0.08121332502300975
855 1111 0.04006148653715863 0.07228997129486882
855 1112 0.007521701556604782 0.08238352302529431
855 1113 0.000921648598134861 0.11496411986674296
855 1114 -0.03208623914644646 0.09504976794802364
855 1115 0.09079713316653061 0.06989731377479685
855 1116 0.07527467372316582 0.10631142579590162
855 1117 0.11946123756608337 0.0971472954090677
855 1118 0.20506649941175015 0.08869421353418647
855 1119 0.32910140379350483 0.03433481538773208
855 1120 0.4169995749649365 0.039007725189143395
855 1121 0.4727990092474042 0.03139927971745809
855 1122 0.47007034825858884 0.031102341013561213
855 1123 0.4755858675205369 0.03290755151783128
855 1124 0.4570501865540537 0.034770671152585565
855 1125 0.45116467972044416 0.03197838158352193
855 1126 0.4342716349322403 0.035066774710981116
855 1127 0.4099960423203058 0.04725227652090261
855 1128 0.3502974907123931 0.07020020735346189
855 1129 0.33315866775252 0.04371042408006864
855 1130 0.29680318184354126 0.05380769432640197
856 1099 0.5227992923393412 0.041599350314061735
856 1100 0.4716208335991464 0.041961797337035714
856 1101 0.3574656577419514 0.037590875183121916
856 1102 0.3430502955079373 0.03463938163455193
856 1103 0.2621606787671847 0.06563058953242887
856 1104 0.22511216115459698 0.10402434501989793
856 1105 0.17222477917293144 0.10191378050746973
856 1106 0.2013291594413019 0.08127796050296378
856 1107 0.1612936989895916 0.0952672370147105
856 1108 0.17101247177515105 0.12230809189361291
856 1109 0.0662028704579033 0.10405292131728178
856 1110 0.023573292611272417 0.06717206663368129
856 1111 0.06670102188646809 0.06638975229464994
856 1112 0.011754676250800778 0.08781513359909311
856 1113 -0.0016173984010375091 0.13545312101896712
856 1114 -0.013917139204657137 0.09919112133967685
856 1115 0.11218339465536256 0.05153388563709418
856 1116 0.11700301463744638 0.10201293143720612
856 1117 0.16013150179222588 0.10476958960310802
856 1118 0.2579930372457192 0.08331435869496273
856 1119 0.3977423204108278 0.024113039166560418
856 1120 0.49231157747374893 0.03424601930828037
856 1121 0.5596258217027176 0.03508490672324669
856 1122 0.5460838711995432 0.028462163367153525
856 1123 0.5577608448995931 0.02873718362049797
856 1124 0.5540446288407128 0.03567433805726633
856 1125 0.543164246573933 0.03899464434359256
856 1126 0.5149600966446485 0.03818255803791393
856 1127 0.4939005423567958 0.05184883918574717
856 1128 0.4432099834279474 0.08079647613003453
856 1129 0.41127576609009076 0.05642652984069106
856 1130 0.37311568083275926 0.06610822460659108
857 1099 0.513814245629814 0.06734739507032893
857 1100 0.4673268237733149 0.05178708632812284
857 1101 0.3560389965237981 0.05156379128135454
857 1102 0.32488571866150573 0.04048194420572598
857 1103 0.24128061660688824 0.052080664796328294
857 1104 0.210336477762146 0.10014318018783053
857 1105 0.13630880964529662 0.11017188477278995
857 1106 0.18766818598775786 0.0811708380526713
857 1107 0.146782297145258 0.10133134567022847
857 1108 0.1431092449627082 0.12518457120430682
857 1109 0.03998221320204918 0.09759375059430778
857 1110 0.006109786784110599 0.05889041314342342
857 1111 0.06217058698086113 0.05920016570436575
857 1112 0.0037095702282034073 0.07854036851123285
857 1113 -0.015673762208606796 0.13052511405537692
857 1114 -0.014622650801497428 0.1036700522520476
857 1115 0.09352010576911672 0.045884950694209545
857 1116 0.11625068630463291 0.10305325782611545
857 1117 0.1664166256166217 0.10125388639983719
857 1118 0.2630730189083567 0.08400211532244914
857 1119 0.4084419527928165 0.028045398214230337
857 1120 0.5066481698359252 0.03723855210548891
857 1121 0.5716947620136177 0.04048932735622351
857 1122 0.5632317137473792 0.033679801248550925
857 1123 0.569505105930497 0.033836869658754105
857 1124 0.5565039606104928 0.04233896713005186
857 1125 0.5476675975032805 0.04228048412838602
857 1126 0.5243296152701522 0.03639476553774272
857 1127 0.4976893059712174 0.05469508964950528
857 1128 0.44414796695594927 0.08759356903132706
857 1129 0.42855210955238404 0.06448733476230205
857 1130 0.39017561158984115 0.07162774214779523
858 1099 0.4997955520771544 0.030403756837921757
858 1100 0.43981454712181867 0.05249376627561052
858 1101 0.33577764493969253 0.0499202238522269
858 1102 0.31921980608271766 0.026184858892986138
858 1103 0.26600425601649547 0.06839320430722835
858 1104 0.2165258922499022 0.10641891681027182
858 1105 0.1527238759065598 0.09670823936123367
858 1106 0.19467389285108258 0.08178410214527633
858 1107 0.11441334703869802 0.08105617970521313
858 1108 0.13427358522799868 0.13927932903578516
858 1109 0.054692909602470176 0.13524092946115762
858 1110 0.024173402425549738 0.08832133777256722
858 1111 0.0888165391168416 0.08360001950882863
858 1112 -0.023849722463424407 0.08242696425950691
858 1113 -0.03560736652985288 0.1270679963369319
858 1114 -0.03598412590278986 0.08228641610663551
858 1115 0.09973617347526222 0.06523188810629665
858 1116 0.10030917594817072 0.11838646525772391
858 1117 0.14715341631314782 0.1078840748226724
858 1118 0.24789426928864663 0.1005219365289301
858 1119 0.382619753027961 0.023736128429886122
858 1120 0.47283899515773076 0.0314817413250163
858 1121 0.5451862393090219 0.025567692484247995
858 1122 0.5399289799681897 0.026628111612302118
858 1123 0.5525796323025718 0.030645859549111146
858 1124 0.5489954883387049 0.034541308070229856
858 1125 0.5410899981524215 0.03479355353948782
858 1126 0.5130062099644246 0.03987535737599512
858 1127 0.49413301696062817 0.05457067188385517
858 1128 0.45337789724022437 0.06685097856107937
858 1129 0.4225785210538229 0.05469113862841487
858 1130 0.37889664808757956 0.06261437884507086
859 1099 0.5281928356469748 0.03009516528925095
859 1100 0.48461417349834834 0.04430351030774268
859 1101 0.37851388086013066 0.02301393209743772
859 1102 0.357768107716396 0.019679536672858502
859 1103 0.2714227557025492 0.0640724013845417
859 1104 0.22362738241792735 0.10334922650641361
859 1105 0.14932461951263937 0.09108266607174759
859 1106 0.1964920362169189 0.07826824666583715
859 1107 0.13363514275221253 0.08680334551196081
859 1108 0.15220676327690325 0.13565049632302112
859 1109 0.06463509234225925 0.12743449818589078
859 1110 0.027481403725622 0.07853056620973232
859 1111 0.0791634967150078 0.08183081821096817
859 1112 0.007535438850575732 0.07698916903118559
859 1113 0.010211055366758637 0.11005663293540377
859 1114 -0.022548886381905824 0.07514244456542195
859 1115 0.11547584667567863 0.07092647811035864
859 1116 0.10502903114113762 0.11904700641155205
859 1117 0.14645464182422432 0.11109574647870042
859 1118 0.25438660336096086 0.10201007202115037
859 1119 0.3811811895698956 0.019178046855298208
859 1120 0.4723026074621105 0.02728237817052404
859 1121 0.5415886052495219 0.022333989898063036
859 1122 0.5405547607676837 0.024641754406132334
859 1123 0.5664269719731193 0.02655957947566316
859 1124 0.5719422112406963 0.02994874287967336
859 1125 0.5671138346284493 0.029354750620817504
859 1126 0.5464046457700715 0.03296784357605422
859 1127 0.5364577865613356 0.046005373676748534
859 1128 0.490762159755404 0.06292412821724173
859 1129 0.46490362391163276 0.04124817299456415
859 1130 0.4294927518973587 0.04763147605741418
860 1099 0.5620481114452762 0.03586744088243383
860 1100 0.5378459454835847 0.04999087591449278
860 1101 0.4191085329314774 0.03233521806870954
860 1102 0.3780343560631455 0.0180934184514403
860 1103 0.26259853087122864 0.05546455614466175
860 1104 0.21842511926027236 0.09094396086095506
860 1105 0.15081439226143928 0.07972993719610127
860 1106 0.19880800104370083 0.07161907415034177
860 1107 0.16464765047346946 0.09642291747437973
860 1108 0.16859697932539633 0.12255365023986807
860 1109 0.06403255129980585 0.112352850183813
860 1110 0.01993749230078058 0.07182423863550333
860 1111 0.055240007422341544 0.06696429488485843
860 1112 0.03835703704630567 0.05863011550853932
860 1113 0.04431334601983472 0.083370836385909
860 1114 -0.024309726829656573 0.06540973574807347
860 1115 0.1224683323259955 0.06464648642261192
860 1116 0.10977732053909683 0.11535635968296531
860 1117 0.16009494819869935 0.11254550880780703
860 1118 0.2766281858811431 0.09497069802142728
860 1119 0.4100612837371928 0.030791420491424058
860 1120 0.5028848476240203 0.0298770051071807
860 1121 0.5631609944959164 0.024821620616740956
860 1122 0.5664801342652854 0.01953220309700858
860 1123 0.6005278442969352 0.023894275430847597
860 1124 0.6015526999951002 0.037280256818122554
860 1125 0.5929275589968324 0.03536035754535552
860 1126 0.5853001257642433 0.026987468990375657
860 1127 0.5849799362933218 0.04188513199060049
860 1128 0.5288803368495166 0.07439466691692263
860 1129 0.5114693671689042 0.044477960240885954
860 1130 0.48466834437900985 0.04650644723027846
861 1099 0.5204253701060859 0.034908492343424254
861 1100 0.4910360086636569 0.054436586159608696
861 1101 0.38814522987507843 0.035978003656012406
861 1102 0.3590322084566758 0.017801919561457945
861 1103 0.2837130605140092 0.06844399967536807
861 1104 0.22126075339471746 0.09825879513615628
861 1105 0.17124337315972793 0.07343815902313691
861 1106 0.20616645293316105 0.08075702415484513
861 1107 0.13741936795751222 0.08693127119372157
861 1108 0.15436562046046948 0.13270502636670026
861 1109 0.07546804998362348 0.13671658068230055
861 1110 0.014801151964656168 0.09090013503582865
861 1111 0.061909568175704276 0.07251102042760199
861 1112 -0.01677019206427675 0.059741750609555444
861 1113 -0.017644545384050372 0.08987276198713534
861 1114 -0.06748226899804802 0.058847519544544716
861 1115 0.09650704995087063 0.06958734432054046
861 1116 0.08762134553438401 0.11533013354411378
861 1117 0.1366399537641485 0.10577330243756064
861 1118 0.260226697535025 0.0968909987715052
861 1119 0.384273230877847 0.03108583682341701
861 1120 0.47644848569652376 0.04097851253411941
861 1121 0.5500073621980789 0.025168740726377075
861 1122 0.5498955973872777 0.020523136937579883
861 1123 0.576275275916389 0.027377982702349306
861 1124 0.588056484062047 0.03583156988426225
861 1125 0.5750836281079301 0.02982902296930372
861 1126 0.5541045805964767 0.03240433205352158
861 1127 0.5585646409271489 0.046129606054392855
861 1128 0.5230156574340976 0.05452154925336068
861 1129 0.4953192072591002 0.039003018794281266
861 1130 0.45573132990442755 0.04239865936253471
862 1099 0.4821081809913451 0.034879486238306605
862 1100 0.43760473723221144 0.05872954241127424
862 1101 0.32142315986091896 0.036623380101883034
862 1102 0.2953887912677006 0.018603458547624144
862 1103 0.2422240112330077 0.07720985115706445
862 1104 0.18121147911128022 0.1036559499569874
862 1105 0.10493458818139503 0.06314519705474327
862 1106 0.19072811482466867 0.08399873623542792
862 1107 0.13200559418837496 0.09226761557003661
862 1108 0.10221298396830765 0.12478138721411691
862 1109 0.022252147864737636 0.1325293186117383
862 1110 -0.017361826597976047 0.09606908567344345
862 1111 0.041670662404256036 0.07832765207989267
862 1112 -0.02676165045054263 0.06271422013609516
862 1113 0.012089478599978382 0.0720785578762021
862 1114 -0.06085731516250685 0.06231661546222983
862 1115 0.08588715288248093 0.08513968663421172
862 1116 0.05947290241758021 0.12329281167992093
862 1117 0.10114307237840969 0.1045032545212
862 1118 0.22502813404852784 0.1062966250351035
862 1119 0.340982709804864 0.0296016978090479
862 1120 0.43550478567872497 0.041841776717293666
862 1121 0.4937174443223248 0.03388883762910978
862 1122 0.49777574779054623 0.028503914752211985
862 1123 0.5278164978560494 0.03477535963635561
862 1124 0.5481727116873285 0.038679102169609514
862 1125 0.5404162324659413 0.028856684075334902
862 1126 0.5169144516291869 0.03610483499154659
862 1127 0.525805894945953 0.052595951788739055
862 1128 0.5103892327762303 0.044294099631085125
862 1129 0.5007070567397808 0.03586583613550222
862 1130 0.46969323769446875 0.029508663237772445
863 1099 0.4729558996381713 0.029009508859887078
863 1100 0.4338916427480946 0.044633696229086105
863 1101 0.3111309610309077 0.027690399994351474
863 1102 0.2838586303715472 0.019480153978685015
863 1103 0.21088432396674012 0.07548711048429196
863 1104 0.16677301285211105 0.10094456233374116
863 1105 0.061618195181804225 0.06394701852444418
863 1106 0.17042566703365314 0.07901708713942537
863 1107 0.14357132434904096 0.09185447070779658
863 1108 0.1017481779930742 0.106959850224647
863 1109 0.016555356900958263 0.11755403632294807
863 1110 -0.0027960178529381928 0.09900463201689098
863 1111 0.03480436006619298 0.08409758443309498
863 1112 0.026831872494513027 0.0653147003238299
863 1113 0.08610253908955004 0.0667378356532114
863 1114 -0.030855765571196292 0.06162627152998006
863 1115 0.11810883164610093 0.09717558462308261
863 1116 0.0674659181007413 0.114762396779305
863 1117 0.10116475246022527 0.09869949830502762
863 1118 0.2261164089059801 0.08933828916842265
863 1119 0.3366919144954298 0.03982194734291662
863 1120 0.427454718424478 0.042354633330493954
863 1121 0.4695674270042739 0.04253872207948958
863 1122 0.47380516787993326 0.03296773990254972
863 1123 0.5141558327253551 0.041256714881975
863 1124 0.5319236008878423 0.050022058945180706
863 1125 0.5282246462500975 0.03943008294042304
863 1126 0.5179319653121508 0.03836249125235715
863 1127 0.5319107675824769 0.056762417502324976
863 1128 0.5070638958819828 0.05979144279959426
863 1129 0.5126261489297672 0.0518898166566195
863 1130 0.5006087268902905 0.049541001418794806
864 1099 0.4648094426269796 0.043674180372349346
864 1100 0.4073778058924617 0.08701319379964402
864 1101 0.30638353668846247 0.05908765102500965
864 1102 0.2868944147064463 0.023766892320692717
864 1103 0.23920178129327846 0.07393538099346739
864 1104 0.1881893384299976 0.10005727666147052
864 1105 0.08438702278697917 0.0591403939786626
864 1106 0.18140852830080223 0.08233281934004678
864 1107 0.14802267074057027 0.08686828561687418
864 1108 0.0900972101899207 0.11237449080455313
864 1109 -0.006109638800239503 0.1329481717836684
864 1110 -0.027589525988212033 0.10856582351006322
864 1111 0.006049781762195011 0.09510011026359458
864 1112 -0.0014384286762246068 0.05864940137622415
864 1113 0.05735268146711172 0.0632890207492995
864 1114 -0.05359582387483173 0.05462799495542821
864 1115 0.091556471998826 0.0931242856319466
864 1116 0.043529903378586164 0.10606183263791585
864 1117 0.07463125468702139 0.09303405591024869
864 1118 0.21433231274610148 0.07939853255182419
864 1119 0.325026129366049 0.05993925011121757
864 1120 0.4091462960255508 0.06517353307338317
864 1121 0.45448183896252115 0.06416355246622683
864 1122 0.4597711437072654 0.0572189271021718
864 1123 0.5049910822721168 0.06446807409085258
864 1124 0.5265762370292192 0.07004677835358389
864 1125 0.5238306615040764 0.05708733767255186
864 1126 0.5128699063400618 0.056501743590128134
864 1127 0.5305628042920272 0.07147207750218097
864 1128 0.5152288079094695 0.06784384771049505
864 1129 0.5132891710763615 0.05420739162580321
864 1130 0.492422445720304 0.05903482643407942
865 1099 0.41285572451279434 0.09233261778200778
865 1100 0.3616077167350815 0.13476762824889357
865 1101 0.2796301119356187 0.08150791210542248
865 1102 0.23034479177347747 0.03823020711164169
865 1103 0.21507276608023612 0.09077453566668245
865 1104 0.1548552329368174 0.11350219010575918
865 1105 0.06943275809675427 0.07954873981476566
865 1106 0.17004838509944092 0.09660053512733736
865 1107 0.11432144090445295 0.08409230678825934
865 1108 0.06971877467486302 0.12684724904948688
865 1109 0.013158241676028882 0.13747414635032357
865 1110 -0.018366493482301193 0.10627013649620438
865 1111 0.010420926771723021 0.08232805398892963
865 1112 -0.016617559728540655 0.0541527368140526
865 1113 0.05656263581237329 0.05784535059852963
865 1114 -0.038596725662088605 0.06421325716268154
865 1115 0.09693671614792795 0.08913191385350126
865 1116 0.05878709596578585 0.10232536238019824
865 1117 0.0808014221466351 0.08757217316745182
865 1118 0.2059700752137946 0.08913631647473587
865 1119 0.29281261891195187 0.06896007306619309
865 1120 0.37003787331356064 0.07797916014875887
865 1121 0.4189023543531999 0.07574230005164934
865 1122 0.41178545374547076 0.07076128621505302
865 1123 0.4531359238313259 0.08043401410926423
865 1124 0.49504639446710746 0.08107712347409891
865 1125 0.49298655466613217 0.06329006228193743
865 1126 0.4725307203238242 0.0709764905933414
865 1127 0.49718197625105987 0.08218308144056381
865 1128 0.5090782890343621 0.05350659935369159
865 1129 0.4982643782006706 0.043281166852172114
865 1130 0.4682202278963924 0.05453275676671525
866 1099 0.37018895068989716 0.09672662761434409
866 1100 0.3349660398590989 0.12039884607030728
866 1101 0.2691049115313758 0.050784422801994175
866 1102 0.22551186575111298 0.029226167789418486
866 1103 0.2065733694766536 0.09305938529366899
866 1104 0.13437606252327172 0.11472336084763567
866 1105 0.06694811133561393 0.0836392321029093
866 1106 0.16961041175802957 0.10426116164733179
866 1107 0.09953976663902843 0.0981580609713473
866 1108 0.08972235000803264 0.12561112305772007
866 1109 0.05942868505384069 0.12772865465303046
866 1110 0.029378338864463706 0.097351070175472
866 1111 0.041119538672364626 0.08067766135845418
866 1112 -0.007956371403744023 0.06046298851877871
866 1113 0.05429427293683915 0.06514570562238697
866 1114 -0.04424234224698588 0.06788329435573191
866 1115 0.11443926591725354 0.09129451244948197
866 1116 0.06613084237304037 0.10059884768759866
866 1117 0.08240596570320698 0.08413304791057215
866 1118 0.1930676851866462 0.0862842890588826
866 1119 0.2689929418946465 0.05643316458600558
866 1120 0.3435015195172049 0.06593065490955165
866 1121 0.3887196761208491 0.06602279910170065
866 1122 0.3750053103212841 0.0659211795940614
866 1123 0.41436652267309426 0.07794341287166007
866 1124 0.45984730626343834 0.08078028522451325
866 1125 0.46112023802068985 0.06623982559644347
866 1126 0.44626649444037525 0.06784853619747533
866 1127 0.46746461367600867 0.08154772469053244
866 1128 0.4798854200690008 0.0603030535692241
866 1129 0.4737294815371852 0.05367194279433165
866 1130 0.44619964816237223 0.06585901783142382
867 1099 0.37041199744217346 0.09043819259620008
867 1100 0.3257931352180643 0.09755936763548115
867 1101 0.28024155677622464 0.03926918143804427
867 1102 0.2583323303976965 0.02691247166973114
867 1103 0.22062859019207443 0.08316234522165156
867 1104 0.14270950259203863 0.09801124550833193
867 1105 0.11646800109099689 0.08539988097969116
867 1106 0.1659570125096605 0.09535387315214794
867 1107 0.09645145151871175 0.09835562480872252
867 1108 0.10076249091048213 0.10293263130942902
867 1109 0.0787595453655851 0.10912002232178505
867 1110 0.03753176329999661 0.07325310286249048
867 1111 0.07416338393494978 0.0670859885336954
867 1112 0.0026112820387050066 0.04827860401705996
867 1113 0.04761225916752619 0.055777950527784316
867 1114 -0.013124946676345516 0.05528518052595604
867 1115 0.0977827990436374 0.05107908182888625
867 1116 0.0629054985610952 0.08134399086015463
867 1117 0.08397574559513105 0.06871252268938262
867 1118 0.19525008432868254 0.06507621581232452
867 1119 0.26987591248123144 0.040665732343372896
867 1120 0.3482228785269993 0.05138021383732537
867 1121 0.4007567255453128 0.052140493655688736
867 1122 0.39698981305149106 0.04989753181991101
867 1123 0.4354822302930656 0.059670680291974185
867 1124 0.47185971242739394 0.06465713526021735
867 1125 0.47637561354353164 0.055950137994144944
867 1126 0.4628550722847769 0.05625251784954187
867 1127 0.4769997709989142 0.07061123292063426
867 1128 0.48856408857740796 0.0577256866181122
867 1129 0.487155027658288 0.05730088710503107
867 1130 0.44803849784331307 0.069019959779603
868 1099 0.4173528589010974 0.044918517336774
868 1100 0.3899811865681464 0.06346357607318925
868 1101 0.32463889814535873 0.03419603004132739
868 1102 0.24213806713144798 0.012958060319136181
868 1103 0.1742445655612218 0.07563145122293029
868 1104 0.1365972770822113 0.10079750915625206
868 1105 0.07275452359063266 0.0755871839219197
868 1106 0.14054356936947127 0.08706023965763404
868 1107 0.10142798955364322 0.07709527336103096
868 1108 0.10096939999705654 0.09357581961610645
868 1109 0.06209687716739983 0.10635310903304673
868 1110 0.02304065870283718 0.07949354444780253
868 1111 0.033468532346622955 0.06646946008518363
868 1112 0.015776167024912097 0.036780380180980114
868 1113 0.07846688288156459 0.04241210513418234
868 1114 0.019866597958806898 0.06409919456717299
868 1115 0.104693234312127 0.06008294428906937
868 1116 0.09174401593872547 0.09198429494401925
868 1117 0.10915039067332115 0.08441495509549646
868 1118 0.22492155438740405 0.07186689221146457
868 1119 0.29395076604947484 0.04204356187123093
868 1120 0.37350308583325054 0.04709948896119832
868 1121 0.4229426240871753 0.04712795180624401
868 1122 0.4204437157703899 0.044648759396563556
868 1123 0.4616150612923258 0.052271135928169836
868 1124 0.495013113181077 0.058816044610481524
868 1125 0.491211112750806 0.04841930250229826
868 1126 0.48183847805087093 0.04742592585751337
868 1127 0.5063846076086261 0.0584208076038771
868 1128 0.5026356793448443 0.04985725691232934
868 1129 0.5043933007987894 0.04528351233618206
868 1130 0.4778518331175653 0.05025563477515955
869 1099 0.3905946203430605 0.04860401101792009
869 1100 0.3832971973505251 0.05759324578570256
869 1101 0.319071976960552 0.03131368812807906
869 1102 0.2077427165935925 0.009574506185578965
869 1103 0.16210457170001696 0.07164697169587514
869 1104 0.12349024374951723 0.10202569584438237
869 1105 0.053852896604182986 0.0761573235208965
869 1106 0.14486223416525965 0.08874783372717296
869 1107 0.10622929034402473 0.07678796486820207
869 1108 0.1216295353879588 0.09608618632285669
869 1109 0.0898073975799434 0.10726580186041737
869 1110 0.037575588149532144 0.0924661760996587
869 1111 0.03469474424207476 0.07373358872965702
869 1112 0.030745373390282493 0.04596601165853917
869 1113 0.0839591656451876 0.05306845662552332
869 1114 0.026293644126025188 0.07233740322887708
869 1115 0.12355932002810692 0.07599693326900282
869 1116 0.11274546950399356 0.10054926517886155
869 1117 0.12155210956089943 0.0840877754410206
869 1118 0.22459497073808313 0.07287130025146801
869 1119 0.2713217994491348 0.04307390500823652
869 1120 0.34486184752193405 0.046535778837604604
869 1121 0.39411883899491384 0.042165475423945366
869 1122 0.3927785924693743 0.0423441304949425
869 1123 0.4286660664493521 0.05251111853531772
869 1124 0.465852518458585 0.05931940260616061
869 1125 0.46961802572883615 0.04681521100147224
869 1126 0.46180434524523484 0.04697621604492549
869 1127 0.48099149097485194 0.05997532949943981
869 1128 0.4809175708913066 0.055614172513571855
869 1129 0.49317620167446596 0.04022046050311184
869 1130 0.4609358115160639 0.05323743186825152
870 1099 0.35766478121382417 0.047376552597413364
870 1100 0.3438396590836573 0.04404250979072762
870 1101 0.29981582941621016 0.02985170782438679
870 1102 0.1842896689910416 0.024942313289589558
870 1103 0.11609905599769291 0.046072301807391816
870 1104 0.0870936944829842 0.08105550874656503
870 1105 0.035562126055346185 0.07410440754831706
870 1106 0.09284889530414772 0.06881945867036544
870 1107 0.07188361969346627 0.06058379234543833
870 1108 0.05456347814151217 0.08547631652421138
870 1109 0.022321023320942344 0.0950675519950018
870 1110 -0.010112932192792006 0.08597167208002746
870 1111 -0.006602669542683365 0.07311097040173876
870 1112 -0.018291303440538358 0.046682850673583125
870 1113 0.047647404443052585 0.05660869716200571
870 1114 0.0276199471259712 0.08395012752383683
870 1115 0.08226670561428827 0.07355664325066621
870 1116 0.10351021605937474 0.10319664520543907
870 1117 0.12958479496058514 0.08147024505782954
870 1118 0.21997730978894908 0.0690740792182521
870 1119 0.24741686773090815 0.03699786068663501
870 1120 0.31931853886548545 0.03565704526416251
870 1121 0.3723958698327192 0.03300053665951166
870 1122 0.37149471057310396 0.029812530531609458
870 1123 0.40308625514562124 0.03444900970897609
870 1124 0.43887078152983233 0.04078936631606105
870 1125 0.44015463766165935 0.028233432437649645
870 1126 0.42893024505588623 0.02744431480725032
870 1127 0.4547721064969969 0.03918015058979881
870 1128 0.45743593246129766 0.03726591153919833
870 1129 0.46369289047254114 0.03648268280844333
870 1130 0.44428678805147637 0.04438439993984919
