# sela selb Avg-corr Err
1099 32 -0.04907498021145311 0.08427972195123795
1099 33 0.003941994764290299 0.08169640543178641
1099 34 0.1318383404880204 0.03964679695674548
1099 35 0.14507761176063497 0.05737795369415363
1099 36 0.08094175559541844 0.06589432447299237
1099 37 0.08971748519693687 0.08409840995895002
1099 38 0.08360389462347165 0.07161495321829993
1099 39 0.09311000220175075 0.08955623554268946
1099 40 0.0619271384419323 0.08635476832100931
1099 41 0.09912729288878219 0.10172376403654414
1099 42 0.060076202208935836 0.11250007992298529
1100 32 -0.042800496393735406 0.06818541296217416
1100 33 -0.02922137952511642 0.07738672644167341
1100 34 0.088982650279649 0.044933514578543006
1100 35 0.14181822935557764 0.0662601072293946
1100 36 0.12221235146223275 0.06369404476374436
1100 37 0.09777243816358676 0.10421690386900787
1100 38 0.09437381900611751 0.07104843673800497
1100 39 0.1221607805387543 0.08681069690401148
1100 40 0.09258962923831678 0.06435789463178264
1100 41 0.21590780342099886 0.12124844924259655
1100 42 0.14591601992722356 0.14291837217908016
1101 32 -0.02285025152881227 0.0450837530348435
1101 33 -0.03540900770994777 0.049922049190210364
1101 34 0.06714835269452787 0.041216149675783055
1101 35 0.09715765342079083 0.040466132562246196
1101 36 0.1463453109058653 0.03503678899333804
1101 37 0.13425035542622904 0.05656149826480014
1101 38 0.1416304993590573 0.021496970655575022
1101 39 0.15793023914694448 0.05643189283184791
1101 40 0.11984724347748217 0.07549546368327265
1101 41 0.21697713935895538 0.06819676364099604
1101 42 0.16084316012694824 0.09918332667441518
1102 32 -0.0030591251686049093 0.0669589449963747
1102 33 -0.010237100072454975 0.04007247271732292
1102 34 0.08501247023827758 0.03484924227860308
1102 35 0.08925176087216143 0.04143693869536941
1102 36 0.09216262803295128 0.04913176153947927
1102 37 0.06398571840961992 0.029197867195022875
1102 38 0.08228757632041167 0.03359982871312307
1102 39 0.06989996085602405 0.02730532054848578
1102 40 0.009908010808427379 0.04178492555255687
1102 41 0.056384860355129865 0.05960178309376011
1102 42 0.025860574829292438 0.07346753090054073
1103 32 -0.020761975959003594 0.06232664032604881
1103 33 -0.022557436564463927 0.06960855755053783
1103 34 0.0324718768470203 0.07067755107745194
1103 35 0.03975985792691315 0.07408620691181432
1103 36 0.01989879726332124 0.04990815529971496
1103 37 0.06581837516623432 0.05489700482921639
1103 38 0.054410681780328596 0.043882241210369544
1103 39 0.00712101937389306 0.039914046903707784
1103 40 -0.07618686363655809 0.07440635311524882
1103 41 -0.06872639290058077 0.06162881121327732
1103 42 -0.11576555817704355 0.07953939037461354
1104 32 0.06683689566017773 0.06684721391041164
1104 33 0.04919043725659387 0.06870804404739052
1104 34 0.08525877711103973 0.044222284643120245
1104 35 0.0452700119787183 0.07307430576613735
1104 36 -0.027631335030422678 0.08787798650616724
1104 37 -0.018101217367603888 0.09244982578293243
1104 38 -0.04902725395825262 0.06843444215043222
1104 39 -0.030962830251883212 0.07801378995106135
1104 40 -0.04149590059118544 0.04979382040122607
1104 41 0.028146141071628404 0.053695535718199884
1104 42 -0.04633819539692115 0.06469660252739208
1105 32 0.024830269943037366 0.05369422835172332
1105 33 0.036143453634745575 0.06497546236857692
1105 34 0.06753724218904071 0.08392973783374041
1105 35 0.023876626119341358 0.06199189329615254
1105 36 -0.07160658829213383 0.06106120028294897
1105 37 -0.018805351215410528 0.0713539205898212
1105 38 -0.04590491038234127 0.036872587482007224
1105 39 -0.04537685378434998 0.04098126676763225
1105 40 0.014776674897256564 0.04992467816819534
1105 41 0.02742531719818428 0.10589463285025452
1105 42 -0.049210640881832496 0.08983528500302963
1106 32 0.03789900132025476 0.04669999349924432
1106 33 0.03850112791998909 0.06716442388611472
1106 34 0.09119674606329731 0.07484027999264378
1106 35 0.1049067019172147 0.09021961976879528
1106 36 -0.006952191588950936 0.06830445226363803
1106 37 -0.011186736336068703 0.11149924213421084
1106 38 -0.06504324387436944 0.06463100477335793
1106 39 -0.0356475475540663 0.07250267609300161
1106 40 0.0038689125223516003 0.07970994909480866
1106 41 -0.0004790415588695557 0.08285257764594618
1106 42 -0.08815653158527752 0.06885626614920938
1107 32 0.023854029741670436 0.06045033074875714
1107 33 0.03944259946533072 0.08234660228929959
1107 34 0.1070715486219855 0.06345316420407139
1107 35 0.11092239959477637 0.07215104308989082
1107 36 -0.03142089572500735 0.0844411545822535
1107 37 -0.056106376430209215 0.11395625694208285
1107 38 -0.12143419437684651 0.06797534893152674
1107 39 -0.09624390782287542 0.08795294727834314
1107 40 -0.06720234437189294 0.09592753498017755
1107 41 -0.00696358158961215 0.1058020585778571
1107 42 -0.09878141458732763 0.0829778169790097
1108 32 -0.07247419020013082 0.05825370803870975
1108 33 -0.0715918808553975 0.07358317054430655
1108 34 0.037604157039999996 0.04695793617889259
1108 35 0.0879720814308124 0.10796547836047765
1108 36 -0.023005090893215684 0.12118542608584956
1108 37 -0.12901433833775716 0.16989270902933828
1108 38 -0.1684021339547612 0.12078031351915305
1108 39 -0.06550692337123767 0.11408763958447712
1108 40 -0.016387441536567023 0.060349807565100694
1108 41 0.09109482433848735 0.11030877274599447
1108 42 0.022008277293514917 0.12263471148928284
1109 32 -0.05974294678012637 0.04931403972944388
1109 33 -0.0851628957119546 0.029270099777158776
1109 34 0.01968716957191079 0.05780230532355333
1109 35 0.11529495318954756 0.10769369853343032
1109 36 0.006814993151818649 0.11923378372167365
1109 37 -0.08049313322852265 0.16561021987425645
1109 38 -0.15194699354898508 0.1053661336597037
1109 39 -0.017987778630255906 0.11369148241487463
1109 40 0.026194336337606604 0.0810163539463172
1109 41 0.09642720388073758 0.12908822194434064
1109 42 0.036212837419025354 0.14113832181746785
1110 32 -0.10728607701369781 0.06567958264689296
1110 33 -0.11401094028787595 0.06353725649549166
1110 34 -0.0457978819328249 0.05520291952189614
1110 35 0.034434172619829936 0.09461899321238933
1110 36 -0.03594067955218787 0.10408137526795468
1110 37 -0.06219658557114094 0.1260810955484404
1110 38 -0.07463535465517941 0.08959962313011359
1110 39 0.026436913072380552 0.096456268970706
1110 40 0.03421313801059841 0.08495057288892155
1110 41 0.07485134199518848 0.10518891732170858
1110 42 0.010102885419780744 0.09396405595085022
1111 32 -0.058821059018447495 0.03730788212980901
1111 33 -0.05825512551469638 0.050072993251717164
1111 34 -0.03783853399563081 0.03667767966199646
1111 35 -0.023177467225669084 0.07061974057025842
1111 36 -0.05929830922264876 0.09263592007916657
1111 37 -0.10210180872583727 0.11091752820943572
1111 38 -0.08477707713127328 0.06689911784909368
1111 39 0.010153370770864104 0.05815468789298766
1111 40 0.0020526275778736556 0.04288145404851876
1111 41 0.0212101807704792 0.06939315459052005
1111 42 0.00979577031603189 0.06284903114550221
1112 32 -0.11895049440262387 0.03694429042854468
1112 33 -0.10989708752885649 0.05848387866622246
1112 34 -0.09007125111952292 0.051634889373903196
1112 35 -0.06240543088869177 0.08870433927946354
1112 36 -0.1191198071012081 0.07341654173427628
1112 37 -0.1259681111378208 0.09032207675725402
1112 38 -0.1261337552569148 0.05280979020145638
1112 39 0.001226907140038268 0.025720629996595887
1112 40 0.003587608130266327 0.06537445887646846
1112 41 0.021640485061256293 0.07122309325872095
1112 42 0.024505570931903205 0.08991722464587361
1113 32 -0.1351288272083903 0.04738440738279659
1113 33 -0.13972364943540366 0.08443811901525544
1113 34 -0.09566587355555262 0.08509910473975482
1113 35 -0.07260452178276613 0.1081263536568616
1113 36 -0.07375367751360792 0.08528174028601794
1113 37 -0.013101577095522132 0.137340912476918
1113 38 0.00048557292383908377 0.1149924801146127
1113 39 0.07238271735962631 0.07601534334853462
1113 40 0.03929307985310272 0.09847960049619489
1113 41 -0.0012375308653553656 0.05199293157384899
1113 42 0.004194358333789322 0.05520456965939932
1114 32 -0.0620370738665891 0.04443110290705099
1114 33 -0.08178218723740885 0.09585705523738795
1114 34 -0.10818742943846202 0.09652941598194109
1114 35 -0.14645898326006696 0.10395275827561636
1114 36 -0.09200406465662178 0.09527237331999294
1114 37 -0.048580801209756844 0.15820003700023308
1114 38 -0.013734974888977824 0.1310352130906042
1114 39 0.042357601419540175 0.09616151242961703
1114 40 0.008179162583545018 0.11327385772293498
1114 41 0.00725099792875471 0.06680279812663804
1114 42 0.04917356789375383 0.05644108289325814
1115 32 -0.09535822936890713 0.04336932796529815
1115 33 -0.10484224741285542 0.08636261589427853
1115 34 -0.08152633523188717 0.08241327564470578
1115 35 -0.06012327142652254 0.10975828628290694
1115 36 -0.06558819013571442 0.11638089023842939
1115 37 -0.06284048782844003 0.1367970366728635
1115 38 -0.014907909713254225 0.10508484780913534
1115 39 0.09238155159833863 0.04417515667586458
1115 40 0.013365685960550539 0.06534553675887893
1115 41 0.020785720453353303 0.05724068373722705
1115 42 -0.005311479355241105 0.060232525739452446
1116 32 0.0035479027845073006 0.03496773428011146
1116 33 -0.015925822725344575 0.06286117837119924
1116 34 -0.02251471444776485 0.06064522302376364
1116 35 -0.055420491387701366 0.10289098272411125
1116 36 -0.11587570159495178 0.13465421806010552
1116 37 -0.12291477010728773 0.1540414161816834
1116 38 -0.1016913619357177 0.12164461788017135
1116 39 0.018376129891625192 0.0501750784766691
1116 40 0.008526675788333316 0.05268507433421098
1116 41 0.05816447017710713 0.07590640848182788
1116 42 0.0317275585363697 0.06481606556784249
1117 32 0.05042405306790225 0.04805853538366705
1117 33 0.04351145658349996 0.04885789240369632
1117 34 0.03411135634496434 0.01531966268205995
1117 35 -0.013139292318613582 0.03930392133353153
1117 36 -0.055085262955540414 0.053656226588311866
1117 37 -0.05605404722162606 0.07671857031314368
1117 38 -0.04023492696287935 0.06657289272847267
1117 39 0.0015257474077081557 0.07343501593937607
1117 40 -0.00028875454892567375 0.07052943668557717
1117 41 0.05905656842336077 0.09164285960194954
1117 42 0.03119495260660874 0.0763243718654016
1118 32 0.011085131028247592 0.03985611631784967
1118 33 -0.003687939434387061 0.05870343935385995
1118 34 0.005055946905151548 0.06466508458270155
1118 35 -0.02713524896562498 0.10477283083527825
1118 36 -0.09224786371894331 0.12067454850639403
1118 37 -0.0787614510810573 0.14335775813218515
1118 38 -0.06343460323849691 0.12485931024367086
1118 39 0.08342541805315477 0.031033962450803976
1118 40 0.06166290637733522 0.03648109314579845
1118 41 0.06681613958269231 0.0688676396410625
1118 42 0.05130452735577688 0.06465592366500975
1119 32 -0.07089308702620764 0.05736867311728108
1119 33 -0.06522898124262255 0.05485317461870854
1119 34 0.003558488453953365 0.02765260633451888
1119 35 0.0028984741362180545 0.043950765282857844
1119 36 0.021492658518560578 0.0416215634126799
1119 37 0.04986910191882283 0.06906487898407554
1119 38 0.06040433870791995 0.032615879944229306
1119 39 0.1601732682286933 0.04130223047262686
1119 40 0.14207997950116386 0.03744727562716332
1119 41 0.14005970340643387 0.03698929497533555
1119 42 0.07516842792610642 0.046017592087494015
1120 32 -0.06685192080984262 0.06659421997655587
1120 33 -0.04023002243989451 0.06384380256886812
1120 34 0.05661829681248367 0.023174194696430724
1120 35 0.07527412007278497 0.05014154219313736
1120 36 0.07059361133878597 0.05538945454121635
1120 37 0.10231056778641567 0.07111430318361067
1120 38 0.12222729065249309 0.021914674978456537
1120 39 0.18269156825572477 0.04379202140590726
1120 40 0.13800532020337059 0.029850326594856418
1120 41 0.11832397194043856 0.03028477636572133
1120 42 0.08954702339370879 0.0558427605328515
1121 32 -0.06798808875108578 0.0656766568919647
1121 33 -0.029898534471591593 0.06334729801029639
1121 34 0.09092093702955575 0.027293540779609073
1121 35 0.10074241556798261 0.04701837036748832
1121 36 0.09823034365145694 0.05346998503291147
1121 37 0.10102901464816601 0.06559950827345831
1121 38 0.1315559703208564 0.03492860281760985
1121 39 0.16842949665959045 0.0475206648504262
1121 40 0.13940946102504886 0.032573987375918316
1121 41 0.12552409016167843 0.03717434100932598
1121 42 0.09868891540822738 0.05933397682612253
1122 32 -0.06885416560028454 0.055585460492295444
1122 33 -0.03775127814452204 0.059168328829351254
1122 34 0.06490832275740821 0.015537506883381168
1122 35 0.05931331723343558 0.04282152018308343
1122 36 0.08153361242314876 0.0564728620145188
1122 37 0.08361854545787184 0.06414077829586518
1122 38 0.11989872545264772 0.026648550415985954
1122 39 0.152392377013371 0.056892657867063996
1122 40 0.13827427821859553 0.03323244113498865
1122 41 0.12084284025628059 0.03119225977935806
1122 42 0.09446825874345281 0.05104923875396831
1123 32 -0.08997141046862936 0.06891177085096634
1123 33 -0.06140046506466622 0.06953749862859833
1123 34 0.06349062975898385 0.016505269784392096
1123 35 0.07979028592181353 0.043888156001431124
1123 36 0.09713229214133931 0.05546926219648998
1123 37 0.09378691954869708 0.0709706107227117
1123 38 0.13525369270305515 0.03233973292173363
1123 39 0.1714897135699877 0.04582801693333772
1123 40 0.14747093020786214 0.027691264353596385
1123 41 0.12526168793352938 0.03759892829858504
1123 42 0.09234690876270814 0.05745190977339636
1124 32 -0.08136066198706689 0.07812613205420176
1124 33 -0.05238934461535692 0.07709654098351595
1124 34 0.08578352014571819 0.02216281622233217
1124 35 0.11786350955995686 0.0482142163010939
1124 36 0.1247061357815821 0.0453857161089112
1124 37 0.10868444831058577 0.07465583696957283
1124 38 0.14046337965510858 0.04509697102409448
1124 39 0.19294971184072995 0.03571810715550146
1124 40 0.16313013346770483 0.029372203005808693
1124 41 0.12346312483318966 0.040510480163406234
1124 42 0.07975977883851634 0.05980044424565137
1125 32 -0.06403070239399027 0.0730384581789848
1125 33 -0.029739240332583072 0.07141672259475713
1125 34 0.09789122613378237 0.015106015908846256
1125 35 0.10289347824047476 0.042377767638211994
1125 36 0.12531290641391551 0.03708601116059327
1125 37 0.10548305144871173 0.07198651007325693
1125 38 0.13825611484162298 0.04910654989285812
1125 39 0.18456338343172934 0.034931607858115166
1125 40 0.16275787840229505 0.036405170139378475
1125 41 0.11333234138996826 0.028533466207875027
1125 42 0.07381378545377297 0.04845455665674519
1126 32 -0.04943669404638494 0.07508886493376411
1126 33 -0.027041490797430744 0.07697004945257313
1126 34 0.09385290639214768 0.01484107113669302
1126 35 0.09505203441923103 0.04143919539050574
1126 36 0.10476495739697322 0.043382840569592886
1126 37 0.09234941786872716 0.0702446127758361
1126 38 0.13418451879779228 0.038315651310634684
1126 39 0.1741713371916061 0.029896767027721087
1126 40 0.15293614047241508 0.028360391448914026
1126 41 0.10062977112472135 0.03166824380779524
1126 42 0.0853062606057699 0.05479087746054847
1127 32 -0.0709677352706575 0.07761543080461347
1127 33 -0.061404286077107906 0.08009920835086813
1127 34 0.08583381340302382 0.021847952847460373
1127 35 0.12935692217141342 0.04274332524728383
1127 36 0.13857227590133359 0.033157391982142743
1127 37 0.1124848662274962 0.06624406252927892
1127 38 0.14204586730323115 0.04120519062879564
1127 39 0.19778054043034837 0.02113981148716823
1127 40 0.16354924689180564 0.03283626521980987
1127 41 0.11424881229415755 0.0433483997304082
1127 42 0.09351081072164494 0.06413317293338855
1128 32 -0.09073509248739878 0.06770193235119268
1128 33 -0.08842250287501895 0.06650792793397943
1128 34 0.05101331710926127 0.026530802944384424
1128 35 0.10898757053401682 0.04233048225360281
1128 36 0.1669250739358658 0.030841573630974218
1128 37 0.1465487525500967 0.0805455248896511
1128 38 0.1535839961741436 0.07658975331839776
1128 39 0.21671831181743517 0.021396308800692727
1128 40 0.19625165570108935 0.03366495158241224
1128 41 0.10419951354962328 0.037667681840151304
1128 42 0.05367972171429173 0.04954361922282095
1129 32 -0.049344959687027165 0.0647631764995267
1129 33 -0.03946788549991308 0.05907151864070591
1129 34 0.07209740375071552 0.02493610168002586
1129 35 0.08919294128671237 0.04626365845965121
1129 36 0.10863172234642023 0.05443446855681169
1129 37 0.12715138127097672 0.08588385891624101
1129 38 0.15617860213086643 0.06721633241069427
1129 39 0.20036468147119466 0.03263342855070806
1129 40 0.1842520400768594 0.027438792722601617
1129 41 0.09256786235908902 0.033908650291624175
1129 42 0.07021285200085511 0.05499716680576657
1130 32 -0.0426642172228857 0.07757617342408674
1130 33 -0.03653487536758664 0.0708128537121294
1130 34 0.09473448342406732 0.026276850108170706
1130 35 0.10010111060744553 0.03486820427600392
1130 36 0.09547644509767614 0.0496940219736414
1130 37 0.09924096421632107 0.0627264730591593
1130 38 0.1536511167461801 0.07096103958770678
1130 39 0.1975443875301342 0.01691729432219036
1130 40 0.1541560460350694 0.019608769609921837
1130 41 0.0905690139391279 0.028463725527652983
1130 42 0.09868394340440947 0.051143035138841754
