# Rg Avg-P(Rg) Err
1.0 0.0 0.0
1.024 0.0 0.0
1.048 0.0 0.0
1.072 0.0 0.0
1.096 0.0 0.0
1.12 0.0 0.0
1.1440000000000001 0.0 0.0
1.168 0.0 0.0
1.192 0.0 0.0
1.216 0.0 0.0
1.24 0.0 0.0
1.264 0.0 0.0
1.288 0.0 0.0
1.312 0.0 0.0
1.336 0.0 0.0
1.3599999999999999 0.0 0.0
1.384 0.0 0.0
1.408 0.0 0.0
1.432 0.0 0.0
1.456 0.0 0.0
1.48 0.0 0.0
1.504 0.0 0.0
1.528 0.0 0.0
1.552 0.0 0.0
1.576 0.0 0.0
1.6 0.0 0.0
1.624 0.0 0.0
1.6480000000000001 0.0 0.0
1.6720000000000002 8e-323 0.0
1.6960000000000002 2.544e-321 0.0
1.72 8.17e-320 0.0
1.744 2.60319e-318 0.0
1.768 8.226436e-317 0.0
1.792 2.57822605e-315 0.0
1.816 8.013720506e-314 0.0
1.8399999999999999 2.47030923133e-312 0.0
1.8639999999999999 7.552180867993e-311 0.0
1.888 2.2897990767789e-309 0.0
1.912 6.885354465971447e-308 0.0
1.936 2.053331951837289e-306 0.0
1.96 6.072897673867055e-305 0.0
1.984 1.781298487367516e-303 0.0
2.008 5.181808671582e-302 0.0
2.032 1.4949614293412682e-300 0.0
2.056 4.277426380615545e-299 0.0
2.08 1.2137773867185216e-297 0.0
2.104 3.4158554548777457e-296 0.0
2.128 9.533752497969924e-295 0.0
2.152 2.638956361466114e-293 0.0
2.176 7.244434543786763e-292 0.0
2.2 1.9723352065519595e-290 0.0
2.224 5.325506425682841e-289 0.0
2.248 1.426083819619825e-287 0.0
2.2720000000000002 3.787329989198173e-286 0.0
2.2960000000000003 9.975282362764913e-285 0.0
2.3200000000000003 2.605680765922457e-283 0.0
2.3440000000000003 6.750270505110001e-282 0.0
2.3680000000000003 1.7343035307925014e-280 0.0
2.3920000000000003 4.419091596939926e-279 0.0
2.416 1.1167214660814213e-277 0.0
2.44 2.7987280006515206e-276 0.0
2.464 6.956335037936366e-275 0.0
2.488 1.7147636164808439e-273 0.0
2.512 4.1921035632970494e-272 0.0
2.536 1.0163978122945067e-270 0.0
2.56 2.4439899620300064e-269 0.0
2.584 5.828262368110953e-268 0.0
2.608 1.3784237654856383e-266 0.0
2.632 3.2331838054123315e-265 0.0
2.656 7.5211114478270876e-264 0.0
2.6799999999999997 1.7351524685750114e-262 0.0
2.7039999999999997 3.9700616627091107e-261 0.0
2.7279999999999998 9.008673683477814e-260 0.0
2.752 2.0273487151521521e-258 0.0
2.776 4.524806955438632e-257 0.0
2.8 1.0015569667813308e-255 0.0
2.824 2.1986457540064404e-254 0.0
2.848 4.7867293644360314e-253 0.0
2.872 1.0335381117923765e-251 0.0
2.896 2.2131871033335217e-250 0.0
2.92 4.700172329788591e-249 0.0
2.944 9.899504348168555e-248 0.0
2.968 2.067840998686864e-246 0.0
2.992 4.283757300853585e-245 0.0
3.016 8.801092824924042e-244 0.0
3.04 1.7932976389900714e-242 0.0
3.064 3.623866468611848e-241 0.0
3.088 7.262665370186027e-240 0.0
3.112 1.4435237169370898e-238 0.0
3.136 2.8454821007504406e-237 0.0
3.16 5.562779443515735e-236 0.0
3.184 1.078529122722634e-234 0.0
3.208 2.07384344416111e-233 0.0
3.232 3.9547963049217235e-232 0.0
3.2560000000000002 7.479564906810523e-231 0.0
3.2800000000000002 1.4029190706859396e-229 0.0
3.3040000000000003 2.6097143558896255e-228 0.0
3.328 4.814568905643572e-227 0.0
3.352 8.808985992209398e-226 0.0
3.376 1.5984480168806651e-224 0.0
3.4 2.876571706273751e-223 0.0
3.424 5.134001436897933e-222 0.0
3.448 9.087425555704665e-221 0.0
3.472 1.595254028410527e-219 0.0
3.496 2.7773009477638376e-218 0.0
3.52 4.795348206332454e-217 0.0
3.544 8.21148062908066e-216 0.0
3.568 1.3945269801090765e-214 0.0
3.592 2.3487484068686387e-213 0.0
3.616 3.923288187303542e-212 0.0
3.64 6.499322133440399e-211 0.0
3.664 1.0678003555168557e-209 0.0
3.688 1.7398676411546946e-208 0.0
3.712 2.8115545780501493e-207 0.0
3.736 4.505894195287092e-206 0.0
3.7600000000000002 7.161757816790188e-205 0.0
3.7840000000000003 1.1289181309411671e-203 0.0
3.8080000000000003 1.7648567002875124e-202 0.0
3.832 2.736280638220242e-201 0.0
3.856 4.207421509156522e-200 0.0
3.88 6.416166290186549e-199 0.0
3.904 9.70374576433603e-198 0.0
3.928 1.4554839651626714e-196 0.0
3.952 2.1651085023660897e-195 0.0
3.976 3.1941561099505324e-194 0.0
4.0 4.673441922732179e-193 0.0
4.024 6.7814382243708756e-192 0.0
4.048 9.759128252294253e-191 0.0
4.072 1.3928505014551996e-189 0.0
4.096 1.9715248550430724e-188 0.0
4.12 2.767606163787669e-187 0.0
4.144 3.85310293527466e-186 0.0
4.168 5.3201175950267246e-185 0.0
4.192 7.285110782007762e-184 0.0
4.216 9.893624099125293e-183 0.0
4.24 1.3325360818915478e-181 0.0
4.264 1.7799462409040488e-180 0.0
4.288 2.3579746948273163e-179 0.0
4.312 3.0979596068054965e-178 0.0
4.336 4.036609411644492e-177 0.0
4.359999999999999 5.216294269683236e-176 0.0
4.384 6.68516032162428e-175 0.0
4.4079999999999995 8.497006873711457e-174 0.0
4.432 1.071086444615392e-172 0.0
4.4559999999999995 1.339021341125397e-171 0.0
4.48 1.6601789718142774e-170 0.0
4.504 2.0413936750190916e-169 0.0
4.5280000000000005 2.489448117431807e-168 0.0
4.552 3.010813575426619e-167 0.0
4.5760000000000005 3.6113462981840575e-166 0.0
4.6 4.2959468848993997e-165 0.0
4.6240000000000006 5.068193427329629e-164 0.0
4.648 5.929963008010683e-163 0.0
4.672000000000001 6.881059697824096e-162 6.886966095514022e-162
4.696 7.918870122924117e-161 7.918763272769998e-161
4.720000000000001 9.038069621340074e-160 9.03806616453708e-160
4.744 1.0230402658309245e-158 1.0230402688140473e-158
4.768000000000001 1.1484560252021774e-157 1.1484560252290906e-157
4.792 1.2786174507907067e-156 1.278617450791015e-156
4.816000000000001 1.4117945927606416e-155 1.411794592760644e-155
4.84 1.545991305390905e-154 1.545991305390905e-154
4.864 1.6789866501270234e-153 1.6789866501270234e-153
4.888 1.8083900921615294e-152 1.8083900921615294e-152
4.912 1.931708951935579e-151 1.9317089519355795e-151
4.936 2.0464257003036652e-150 2.046425700303665e-150
4.96 2.150081903363381e-149 2.1500819033633807e-149
4.984 2.240364997193853e-148 2.2403649971938526e-148
5.008 2.3151936630168808e-147 2.3151936630168808e-147
5.032 2.372797424297969e-146 2.372797424297969e-146
5.056 2.411786224583185e-145 2.4117862245831848e-145
5.08 2.431206171247302e-144 2.4312061712473019e-144
5.104 2.430578324666858e-143 2.430578324666858e-143
5.128 2.4099183306419546e-142 2.409918330641954e-142
5.152 2.3697357724667357e-141 2.3697357724667357e-141
5.176 2.311013280111461e-140 2.3110132801114606e-140
5.2 2.2351665922385927e-139 2.2351665922385927e-139
5.224 2.1439878373040568e-138 2.1439878373040568e-138
5.248 2.0395752056202367e-137 2.0395752056202364e-137
5.272 1.924252862521162e-136 1.924252862521162e-136
5.296 1.8004853609727816e-135 1.800485360972782e-135
5.32 1.6707909306035608e-134 1.6707909306035603e-134
5.344 1.5376578534782235e-133 1.5376578534782235e-133
5.368 1.4034677119393897e-132 1.4034677119393897e-132
5.392 1.270428656259681e-131 1.270428656259681e-131
5.416 1.1405210494310378e-130 1.1405210494310376e-130
5.44 1.0154569705521909e-129 1.0154569705521907e-129
5.464 8.966541657890055e-129 8.966541657890053e-129
5.488 7.852241908606027e-128 7.852241908606027e-128
5.5120000000000005 6.819737458590487e-127 6.819737458590487e-127
5.5360000000000005 5.874176029143415e-126 5.8741760291434155e-126
5.5600000000000005 5.018010952711505e-125 5.018010952711505e-125
5.5840000000000005 4.251298823825794e-124 4.251298823825794e-124
5.6080000000000005 3.572046244576391e-123 3.57204624457639e-123
5.632 2.976582738850633e-122 2.9765827388506323e-122
5.656 2.4599389309560208e-121 2.45993893095602e-121
5.68 2.016212059711065e-120 2.016212059711065e-120
5.704 1.6389044789523916e-119 1.6389044789523913e-119
5.728 1.3212246403332612e-118 1.321224640333261e-118
5.752 1.0563438613446672e-117 1.0563438613446672e-117
5.776 8.376057028412861e-117 8.376057028412862e-117
5.8 6.586878337302153e-116 6.586878337302152e-116
5.824 5.1371873204680575e-115 5.137187320468058e-115
5.848 3.973534122174986e-114 3.9735341221749856e-114
5.872 3.0481358468734556e-113 3.048135846873455e-113
5.896 2.3189829713990224e-112 2.3189829713990224e-112
5.92 1.7497125795562803e-111 1.74971257955628e-111
5.944 1.3093080169164191e-110 1.3093080169164193e-110
5.968 9.716792846368733e-110 9.71679284636873e-110
5.992 7.151713562227158e-109 7.151713562227159e-109
6.016 5.220395163478615e-108 5.220395163478614e-108
6.04 3.77922538523103e-107 3.77922538523103e-107
6.064 2.713366166757009e-106 2.7133661667570084e-106
6.088 1.932058476275029e-105 1.932058476275029e-105
6.112 1.364389691386881e-104 1.364389691386881e-104
6.136 9.555709687842543e-104 9.555709687842545e-104
6.16 6.637337080197386e-103 6.637337080197387e-103
6.184 4.572263665536292e-102 4.572263665536293e-102
6.208 3.1237421793397215e-101 3.123742179339721e-101
6.232 2.1165360898837957e-100 2.116536089883795e-100
6.256 1.4222725084380229e-99 1.4222725084380225e-99
6.28 9.478653659593061e-99 9.478653659593061e-99
6.304 6.26494494464131e-98 6.264944944641309e-98
6.328 4.1067161990281287e-97 4.1067161990281287e-97
6.352 2.669801776056047e-96 2.6698017760560475e-96
6.376 1.7213544423773707e-95 1.7213544423773707e-95
6.4 1.1006991238629168e-94 1.100699123862917e-94
6.424 6.980299158933455e-94 6.980299158933453e-94
6.448 4.390223411238324e-93 4.390223411238324e-93
6.472 2.7384603068780363e-92 2.738460306878036e-92
6.496 1.6940787609132068e-91 1.6940787609132065e-91
6.5200000000000005 1.039365123268381e-90 1.0393651232683806e-90
6.5440000000000005 6.324266383794631e-90 6.324266383794629e-90
6.5680000000000005 3.8164512765527e-89 3.816451276552699e-89
6.5920000000000005 2.2841095235532263e-88 2.2841095235532258e-88
6.6160000000000005 1.3557569678860493e-87 1.3557569678860493e-87
6.64 7.980949623227019e-87 7.980949623227019e-87
6.664 4.659455679096527e-86 4.659455679096527e-86
6.688 2.697887160809454e-85 2.697887160809453e-85
6.712 1.549246236537019e-84 1.5492462365370188e-84
6.736 8.823182942650164e-84 8.82318294265016e-84
6.76 4.983544951584754e-83 4.983544951584753e-83
6.784 2.791642717503132e-82 2.7916427175031317e-82
6.808 1.5509212630065585e-81 1.5509212630065582e-81
6.832 8.545317965273688e-81 8.545317965273688e-81
6.856 4.669553666101922e-80 4.669553666101922e-80
6.88 2.5306453644492014e-79 2.5306453644492008e-79
6.904 1.3601790789484427e-78 1.3601790789484424e-78
6.928 7.250532243834871e-78 7.250532243834871e-78
6.952 3.833123362664308e-77 3.833123362664307e-77
6.976 2.009763399561604e-76 2.0097633995616038e-76
7.0 1.0450724941219378e-75 1.0450724941219377e-75
7.024 5.38961040828633e-75 5.38961040828633e-75
7.048 2.7566264912182513e-74 2.756626491218251e-74
7.072 1.3983252604072924e-73 1.3983252604072924e-73
7.096 7.034744649492888e-73 7.034744649492888e-73
7.12 3.509930071457561e-72 3.509930071457561e-72
7.144 1.7368356293474982e-71 1.7368356293474982e-71
7.168 8.523721383629992e-71 8.523721383629992e-71
7.192 4.1486823683817374e-70 4.1486823683817374e-70
7.216 2.0026344732126962e-69 2.0026344732126962e-69
7.24 9.58746745941272e-69 9.58746745941272e-69
7.264 4.552154415024776e-68 4.552154415024777e-68
7.288 2.1435868961144273e-67 2.143586896114427e-67
7.312 1.0010975275859314e-66 1.0010975275859314e-66
7.336 4.6368498929312103e-66 4.6368498929312114e-66
7.36 2.1300078651970175e-65 2.130007865197017e-65
7.384 9.704006368160187e-65 9.704006368160186e-65
7.408 4.3846285918568984e-64 4.384628591856899e-64
7.432 1.9648373479587166e-63 1.964837347958717e-63
7.456 8.732380237433552e-63 8.73238023743355e-63
7.48 3.849028279603037e-62 3.849028279603037e-62
7.5040000000000004 1.682605061000096e-61 1.682605061000096e-61
7.5280000000000005 7.29501356889679e-61 7.29501356889679e-61
7.5520000000000005 3.1367726693885394e-60 3.1367726693885394e-60
7.5760000000000005 1.3376830478677111e-59 1.3376830478677113e-59
7.6000000000000005 5.657660092613285e-59 5.657660092613284e-59
7.6240000000000006 2.3731989599538228e-58 2.3731989599538224e-58
7.648000000000001 9.872913672123951e-58 9.872913672123948e-58
7.672 4.0735274922419545e-57 4.0735274922419545e-57
7.696 1.6669029690796824e-56 1.666902969079682e-56
7.72 6.764949904818266e-56 6.764949904818267e-56
7.744 2.7229125386806412e-55 2.7229125386806415e-55
7.768 1.0869708369158901e-54 1.0869708369158901e-54
7.792 4.303456761516955e-54 4.3034567615169546e-54
7.816 1.6897895111684131e-53 1.689789511168413e-53
7.84 6.580572236587526e-53 6.580572236587525e-53
7.864 2.541621481882509e-52 2.5416214818825087e-52
7.888 9.735864656159087e-52 9.735864656159088e-52
7.912 3.698749475468588e-51 3.698749475468588e-51
7.936 1.3936455586053025e-50 1.3936455586053023e-50
7.96 5.207953368826515e-50 5.207953368826514e-50
7.984 1.9301874301502806e-49 1.9301874301502806e-49
8.008 7.09495820718943e-49 7.09495820718943e-49
8.032 2.5865357677814408e-48 2.5865357677814405e-48
8.056000000000001 9.352027110919756e-48 9.352027110919754e-48
8.08 3.3536056252310477e-47 3.3536056252310477e-47
8.104 1.1927173452705745e-46 1.1927173452705743e-46
8.128 4.207099198487434e-46 4.207099198487434e-46
8.152000000000001 1.4717973201479162e-45 1.471797320147916e-45
8.176 5.106621592756574e-45 5.1066215927565734e-45
8.2 1.7572766778183354e-44 1.7572766778183354e-44
8.224 5.997466150375815e-44 5.997466150375813e-44
8.248000000000001 2.030098271414812e-43 2.030098271414812e-43
8.272 6.8153525448394e-43 6.815352544839399e-43
8.296 2.2692483171653013e-42 2.2692483171653013e-42
8.32 7.493739342701271e-42 7.493739342701271e-42
8.344000000000001 2.454361058768203e-41 2.4543610587682026e-41
8.368 7.972638694133041e-41 7.972638694133039e-41
8.392 2.5685613421340643e-40 2.568561342134064e-40
8.416 8.207341506635916e-40 8.207341506635916e-40
8.440000000000001 2.6009994435069338e-39 2.6009994435069332e-39
8.464 8.175300126111703e-39 8.175300126111702e-39
8.488 2.5485511477619144e-38 2.5485511477619144e-38
8.512 7.879700848193416e-38 7.879700848193416e-38
8.536000000000001 2.416313995246743e-37 2.416313995246743e-37
8.56 7.348942036518561e-37 7.34894203651856e-37
8.584 2.2167904949582867e-36 2.216790494958287e-36
8.608 6.632136127590704e-36 6.632136127590705e-36
8.632000000000001 1.967939557574884e-35 1.9679395575748838e-35
8.656 5.79162223461733e-35 5.79162223461733e-35
8.68 1.6905166962601296e-34 1.6905166962601292e-34
8.704 4.894069164454864e-34 4.894069164454863e-34
8.728 1.4052474014041826e-33 1.4052474014041826e-33
8.751999999999999 4.001918078573579e-33 4.00191807857358e-33
8.776 1.1303605540187223e-32 1.1303605540187225e-32
8.8 3.1666487021646925e-32 3.1666487021646925e-32
8.824 8.798681317626497e-32 8.798681317626496e-32
8.847999999999999 2.4247715578550795e-31 2.4247715578550795e-31
8.872 6.627662111013564e-31 6.627662111013562e-31
8.896 1.7967470717034953e-30 1.7967470717034956e-30
8.92 4.831159483631258e-30 4.8311594836312576e-30
8.943999999999999 1.2884110776155795e-29 1.2884110776155795e-29
8.968 3.407979684951073e-29 3.4079796849510737e-29
8.992 8.940871637049748e-29 8.940871637049747e-29
9.016 2.326504529283536e-28 2.326504529283536e-28
9.040000000000001 6.004405447696303e-28 6.004405447696303e-28
9.064 1.5370184845430473e-27 1.5370184845430474e-27
9.088000000000001 3.902402592758782e-27 3.9024025927587806e-27
9.112 9.827202486776915e-27 9.827202486776915e-27
9.136000000000001 2.4545594998547092e-26 2.4545594998547092e-26
9.16 6.080846598815712e-26 6.080846598815711e-26
9.184000000000001 1.4941781362738393e-25 1.494178136273839e-25
9.208 3.641577858679259e-25 3.6415778586792583e-25
9.232 8.802920659396706e-25 8.802920659396706e-25
9.256 2.1106442501473766e-24 2.1106442501473766e-24
9.28 5.0194424502174846e-24 5.019442450217484e-24
9.304 1.183993344568718e-23 1.1839933445687176e-23
9.328 2.7701135124221874e-23 2.770113512422187e-23
9.352 6.428380916573808e-23 6.428380916573808e-23
9.376 1.4796623162655378e-22 1.479662316265538e-22
9.4 3.3781728504097977e-22 3.3781728504097977e-22
9.424 7.649986471278171e-22 7.64998647127817e-22
9.448 1.718305372348823e-21 1.7183053723488233e-21
9.472 3.8282675159822955e-21 3.828267515982295e-21
9.496 8.459951267595108e-21 8.459951267595108e-21
9.52 1.8543791520342904e-20 1.8543791520342907e-20
9.544 4.031770271788453e-20 4.031770271788453e-20
9.568 8.694830135820064e-20 8.694830135820064e-20
9.592 1.8599276920836034e-19 1.8599276920836037e-19
9.616 3.946410414917497e-19 3.9464104149174955e-19
9.64 8.305796815070052e-19 8.30579681507005e-19
9.664 1.7339433476519692e-18 1.733943347651969e-18
9.688 3.590581414143621e-18 3.5905814141436206e-18
9.712 7.375181301901848e-18 7.375181301901847e-18
9.736 1.5026592005612305e-17 1.5026592005612308e-17
9.76 3.0368968130457976e-17 3.0368968130457976e-17
9.784 6.08812069386963e-17 6.088120693869629e-17
9.808 1.2106598341530037e-16 1.2106598341530034e-16
9.832 2.3880791849052103e-16 2.38807918490521e-16
9.856 4.672670190782832e-16 4.672670190782832e-16
9.88 9.069294885607237e-16 9.069294885607239e-16
9.904 1.7461282918807633e-15 1.7461282918807629e-15
9.928 3.3348424508330623e-15 3.3348424508330627e-15
9.952 6.3179099386035176e-15 6.317909938603518e-15
9.976 1.1873341261141206e-14 1.1873341261141206e-14
10.0 2.21348426287066e-14 2.21348426287066e-14
10.024000000000001 4.093422246053352e-14 4.093422246053352e-14
10.048 7.509413478135946e-14 7.509413478135946e-14
10.072000000000001 1.3665883249318312e-13 1.366588324931831e-13
10.096 2.467087603567149e-13 2.467087603567149e-13
10.120000000000001 4.418243947211426e-13 4.4182439472114254e-13
10.144 7.849396564420937e-13 7.849396564420937e-13
10.168000000000001 1.3833996131492008e-12 1.3833996131492008e-12
10.192 2.4187295618626164e-12 2.418729561862616e-12
10.216000000000001 4.195260173376349e-12 4.1952601733763476e-12
10.24 7.218820074304291e-12 7.218820074304292e-12
10.264 1.232290938870431e-11 1.2322909388704311e-11
10.288 2.0869122820360242e-11 2.086912282036024e-11
10.312 3.50625444942796e-11 3.50625444942796e-11
10.336 5.844341417808697e-11 5.844341417808697e-11
10.36 9.664636127417047e-11 9.664636127417047e-11
10.384 1.5856171947933187e-10 1.585617194793319e-10
10.408 2.5809495508508373e-10 2.580949550850838e-10
10.432 4.1680675183270563e-10 4.168067518327057e-10
10.456 6.678364315161539e-10 6.678364315161539e-10
10.48 1.0616760932553674e-09 1.0616760932553674e-09
10.504 1.6745856969177341e-09 1.6745856969177344e-09
10.528 2.6207367438992613e-09 2.6207367438992613e-09
10.552 4.069563635784643e-09 4.069563635784642e-09
10.576 6.270309452340176e-09 6.270309452340175e-09
10.6 9.586401341980256e-09 9.586401341980256e-09
10.624 1.4543105878294346e-08 1.4543105878294348e-08
10.648 2.1892922339238626e-08 2.1892922339238626e-08
10.672 3.270439523324561e-08 3.270439523324561e-08
10.696 4.8481484469544004e-08 4.848148446954401e-08
10.72 7.132233120698366e-08 7.132233120698368e-08
10.744 1.0412819507241374e-07 1.0412819507241376e-07
10.768 1.5087549147659027e-07 1.5087549147659027e-07
10.792 2.1696618078068973e-07 2.169661807806897e-07
10.816 3.096741819011608e-07 3.0967418190116075e-07
10.84 4.3870789996081106e-07 4.3870789996081085e-07
10.864 6.16911239343872e-07 6.169112393438717e-07
10.888 8.611274615318471e-07 8.611274615318463e-07
10.912 1.1932517628812194e-06 1.1932517628812177e-06
10.936 1.6414993042653912e-06 1.6414993042653853e-06
10.96 2.2419154440775207e-06 2.241915444077502e-06
10.984 3.040153960649345e-06 3.0401539606492884e-06
11.008000000000001 4.093547007748976e-06 4.093547007748806e-06
11.032 5.4734874187760305e-06 5.47348741877553e-06
11.056000000000001 7.268139862530577e-06 7.268139862529137e-06
11.08 9.58549248821776e-06 9.585492488213663e-06
11.104000000000001 1.2556755456035251e-05 1.2556755456023792e-05
11.128 1.634010765225983e-05 1.6340107652228314e-05
11.152000000000001 2.112478858065929e-05 2.112478858057404e-05
11.176 2.7135529641400613e-05 2.7135529641173784e-05
11.200000000000001 3.463731852423191e-05 3.46373185236383e-05
11.224 4.394049298451633e-05 4.3940492982988276e-05
11.248 5.540616644453942e-05 5.540616644067013e-05
11.272 6.945199806284718e-05 6.945199805320934e-05
11.296 8.65583342470033e-05 8.655833422338777e-05
11.32 0.00010727476681217279 0.00010727476675524837
11.344 0.00013222717450796494 0.00013222717437297692
11.368 0.00016212533851109467 0.00016212533819617267
11.392 0.000197771247512864 0.00019777124679003295
11.416 0.0002400682328853719 0.0002400682312530225
11.44 0.0002900310977799629 0.0002900310941529493
11.464 0.00034879742478815265 0.00034879741685833016
11.488 0.0004176402642245208 0.00041764024716465457
11.512 0.0004979824188753909 0.0004979823827587972
11.536 0.0005914125513540583 0.0005914124761086957
11.56 0.0006997033475073758 0.0006997031932239576
11.584 0.0008248319741775704 0.0008248316628250286
11.608 0.0009690030722256509 0.0009690024537691968
11.632 0.0011346745253436772 0.0011346733160754188
11.656 0.0013245862395952232 0.0013245839118774059
11.68 0.0015417921535192383 0.001541787742140192
11.704 0.0017896956672249751 0.0017896874352728636
11.728 0.002072088621788325 0.0020720734941669997
11.752 0.0023931938657214837 0.002393166485259157
11.776 0.002757711300124212 0.0027576624815124195
11.8 0.0031708670850945564 0.003170781324624679
11.824 0.003638465405827623 0.0036383169354223524
11.848 0.004166941830891907 0.004166688464090129
11.872 0.00476341684823849 0.004762990528838194
11.896 0.005435747647782113 0.005435040147317088
11.92 0.006192575656952746 0.006191417235887247
11.944 0.007043366765794217 0.0070414947679543075
11.968 0.007998440653142664 0.00799545388916345
11.992 0.009068985208189955 0.009064278544447614
12.016 0.01026705180001632 0.01025972355346448
12.040000000000001 0.011605527144332677 0.011594249661463232
12.064 0.01309807779747015 0.013080918983480926
12.088000000000001 0.01475906388807571 0.014733244543683782
12.112 0.016603419551062273 0.01656498837574308
12.136000000000001 0.018646498584008225 0.018589903967409
12.16 0.02090388499250664 0.02082142075145388
12.184000000000001 0.023391169205047406 0.023272270876370037
12.208 0.026123691740999554 0.02595406158748896
12.232000000000001 0.029116257064879837 0.028876800083984397
12.256 0.03238282156368979 0.03204838144873599
12.28 0.03593616163679125 0.03547405381239406
12.304 0.039787531390587785 0.039155877892379426
12.328 0.04394632404104522 0.04309220021310431
12.352 0.04841975391247673 0.04727716106490868
12.376 0.05321257019423316 0.05170026098845882
12.4 0.05832679126008061 0.0563460152008283
12.424 0.06376140875454835 0.06119373419340902
12.448 0.06951197413451485 0.06621747582255891
12.472 0.07556999331874209 0.07138620763238494
12.496 0.08192216790887362 0.0766641839207657
12.52 0.08854973550713974 0.08201147798696283
12.544 0.09542838052760429 0.0873845399947915
12.568 0.10252923340407535 0.09273662296801695
12.592 0.1098212032025045 0.09801797827923416
12.616 0.11727431993099949 0.10317587148122942
12.64 0.12486313957485444 0.1081546557768933
12.664 0.1325689403921262 0.11289626978032756
12.688 0.1403796976191827 0.1173414993203349
12.712 0.1482877454437285 0.12143209507665079
12.736 0.15628642344493454 0.12511339437065108
12.76 0.1643683252379509 0.12833664073286033
12.784 0.17252817578687757 0.13106006921147925
12.808 0.1807720586772879 0.13324834222163498
12.832 0.1891316404053402 0.13487105848344133
12.856 0.19767844225221856 0.13590230744023923
12.88 0.20653130413627768 0.1363238341815675
12.904 0.21585176246468415 0.1361337541622985
12.928 0.22582693925826614 0.1353609477267428
12.952 0.23664514364512446 0.1340830233481509
12.976 0.24847217871337451 0.13244420556426925
13.0 0.2614343254874528 0.1306692386567453
13.024000000000001 0.27560848625279466 0.12906937389319653
13.048 0.2910150853488273 0.12803473190072784
13.072000000000001 0.3076087340728373 0.12800394376896632
13.096 0.3252654029166685 0.12940230344549583
13.120000000000001 0.34376915886555226 0.13255132085932508
13.144 0.362802673783219 0.13757393141991736
13.168000000000001 0.381944092989053 0.144332646748367
13.192 0.40067256546048124 0.15242584398647216
13.216000000000001 0.4183881157925097 0.16124063190433718
13.24 0.4344546645115166 0.1700446056704183
13.264000000000001 0.44827048315763685 0.17809808446971373
13.288 0.45935602466158254 0.18476837240414204
13.312 0.46743329937658756 0.18962234067551673
13.336 0.47246733185111933 0.19247338105942086
13.36 0.4746548792124101 0.19337253759610992
13.384 0.47436993092020774 0.1925557577937913
13.408 0.47209252227595455 0.19037425253685245
13.432 0.4683463324105423 0.18723289180869762
13.456 0.46365586930145897 0.18354697465326061
13.48 0.4585200275464073 0.17971418810525708
13.504 0.45339549870407414 0.17609512730893162
13.528 0.4486882790605412 0.1729995514623592
13.552 0.44475386675242223 0.17067771971669685
13.576 0.4419007255862046 0.16931324625258648
13.6 0.4403828394787895 0.16901164063795543
13.624 0.4403675307031107 0.1697833803864589
13.648 0.44187980837411434 0.17152897920603627
13.672 0.44474630969252527 0.17403667427396677
13.696 0.4485735656389832 0.17699824327977
13.72 0.4527848676338507 0.1800418032360121
13.744 0.4567112055308827 0.1827766920173224
13.768 0.4597028767511849 0.1848418339021655
13.792 0.4612190501345765 0.18594500943273
13.816 0.4608687600596312 0.18588227449272793
13.84 0.4584060949337975 0.18453661039329255
13.864 0.45370375146812647 0.1818652238317726
13.888 0.4467296193993907 0.17788692604913736
13.912 0.4375349900314605 0.17267429485996635
13.936 0.42624662395783347 0.16634721901949553
13.96 0.4130515787800821 0.1590622357405423
13.984 0.39817312322357873 0.1509968008381051
14.008000000000001 0.3818470255462721 0.14233410062113228
14.032 0.3643095889646966 0.13325618658992194
14.056000000000001 0.34580130564740397 0.12394938584325892
14.08 0.3265803873988873 0.11461925610245043
14.104000000000001 0.3069360072193942 0.10550712694785513
14.128 0.2871930495791717 0.09689829588878658
14.152000000000001 0.2677048576311806 0.08911230197942814
14.176 0.24883440221597902 0.08246796720666287
14.200000000000001 0.2309269287980656 0.077223177624133
14.224 0.21427939505542243 0.07350541559303765
14.248000000000001 0.19911373678398614 0.07126706728771641
14.272 0.18556068107859033 0.07029724804199355
14.296000000000001 0.17365760244719142 0.07028814032909236
14.32 0.16335915567890671 0.07091819604949279
14.344 0.15455590752024445 0.07191337927707214
14.368 0.14709575136230027 0.07307324792081576
14.392 0.1408048549399301 0.07427003654036211
14.416 0.13550691477496016 0.07543419074021653
14.44 0.13103983778813066 0.07653621317738749
14.464 0.12726800656569312 0.07757023320428875
14.488 0.12408782124496034 0.07854187774122473
14.512 0.12142553373228956 0.07946125001460219
14.536 0.11922899997892071 0.08034038413088893
14.56 0.11745713630776569 0.08119341961631692
14.584 0.11607118117726145 0.08203732941806027
14.608 0.11503031552272103 0.08289154189059944
14.632 0.11429189294602064 0.08377590257268461
14.656 0.11381473186390637 0.08470748288146823
14.68 0.11356326407134057 0.08569726734488617
14.704 0.11351072013374966 0.08674766678772204
14.728 0.11364044848467872 0.08785136645702218
14.752 0.11394536793401469 0.08899154450287142
14.776 0.11442610487245075 0.09014318520598943
14.8 0.11508849907400782 0.09127510280369051
14.824 0.1159410128363872 0.092352323693918
14.848 0.11699235978709051 0.09333855632531231
14.872 0.11824954370627579 0.09419854188507286
14.896 0.11971650393687741 0.09490010530759371
14.92 0.12139362192263434 0.0954157415983904
14.944 0.1232783142629009 0.09572362597529648
14.968 0.12536671606336605 0.09580806129096803
14.992 0.12765605437365848 0.09565955561258119
15.016 0.13014687844708744 0.09527488155449028
15.040000000000001 0.13284409341446818 0.09465750599857255
15.064 0.13575594291910753 0.09381862669008986
15.088000000000001 0.13889074018915512 0.09277873080631432
15.112 0.14225205694192786 0.09156922509354325
15.136000000000001 0.1458338686935628 0.09023347212253321
15.16 0.14961743410857004 0.08882667447389878
15.184000000000001 0.15357124842887954 0.08741450250363135
15.208 0.1576543581083899 0.08607095196113658
15.232000000000001 0.16182204967279715 0.08487625226841804
15.256 0.16603196013841431 0.08391537636997586
15.280000000000001 0.17024843126291353 0.08327682019145988
15.304 0.17444357664651294 0.08305029530457915
15.328000000000001 0.17859480236656725 0.0833215832168286
15.352 0.18267988896827164 0.08416363902278852
15.376 0.1866716293900609 0.08562502198225252
15.4 0.19053407250306306 0.08771886989679081
15.424 0.19422168746629062 0.09041645947300984
15.448 0.197681644252467 0.09364809328436191
15.472 0.2008584414068312 0.0973113197205409
15.496 0.2036996829414945 0.1012840489917597
15.52 0.2061619353387345 0.10543924867867116
15.544 0.208215978844418 0.10965850402215997
15.568 0.20985100947953658 0.11384282642253332
15.592 0.21107725227122884 0.11791983256842839
15.616 0.21192616042877913 0.12184663901064868
15.64 0.21244729557292516 0.12560793141917398
15.664 0.212701468998934 0.12920916707749164
15.688 0.21275080608347569 0.13266590658905075
15.712 0.2126476850938646 0.13599151984734245
15.736 0.21242535536871424 0.13918634323798088
15.76 0.21209291548808906 0.1422312208786768
15.784 0.21163611899718754 0.14508710813073675
15.808 0.2110236083254055 0.14770047471107736
15.832 0.21021645065583477 0.15001242289397734
15.856 0.2091780165971821 0.15196851369349104
15.88 0.20788162039822328 0.1535266111090121
15.904 0.20631463934476243 0.15466133070201193
15.928 0.20447931823933496 0.15536517665062502
15.952 0.2023913835952007 0.15564739976818126
15.976 0.20007758312582266 0.15553163782933516
16.0 0.19757255924872516 0.15505273063808112
16.024 0.19491471145841913 0.15425238092118435
16.048000000000002 0.19214055152194995 0.15317320417372612
16.072000000000003 0.18927773878799084 0.15185140414874995
16.096 0.18633815472595056 0.15030947886355664
16.12 0.1833133084559337 0.1485512794202636
16.144 0.18017437530038505 0.14656173343952467
16.168 0.17687802223848062 0.14431237814928036
16.192 0.1733772301934276 0.1417718936461778
16.216 0.1696343751142685 0.1389188779187101
16.240000000000002 0.1656327181073421 0.135752999906288
16.264000000000003 0.16138268229350422 0.13230090435599295
16.288 0.15692081587700563 0.1286147745736309
16.312 0.152301604166433 0.12476373087521646
16.336 0.14758448183066442 0.12082043545925297
16.36 0.14281976213369235 0.1168466395561453
16.384 0.1380373412227597 0.11288154712976997
16.408 0.13324102095440465 0.10893585360500606
16.432000000000002 0.1284095852784847 0.10499261314747804
16.456 0.1235039893412377 0.1010143184619269
16.48 0.11847869769679739 0.09695425678047895
16.503999999999998 0.11329457282940136 0.09276956304961657
16.528 0.10793070606664938 0.08843336449479779
16.552 0.1023929821750205 0.08394378811576031
16.576 0.09671778477041496 0.07932820069658124
16.6 0.09097001710038416 0.07464180976435246
16.624000000000002 0.0852355544622497 0.06996069639779667
16.648 0.0796093377812355 0.06537045009566937
16.672 0.07418138059975457 0.060952644570777356
16.695999999999998 0.06902365852375494 0.05677209271436462
16.72 0.0641808358698244 0.052867806009026304
16.744 0.05966690648170977 0.04924971340563342
16.768 0.05546826185646457 0.045901651431306076
16.792 0.051551935672562756 0.04278940424389452
16.816000000000003 0.047876419411542276 0.03987124480768771
16.84 0.04440197241362513 0.03710796376296762
16.864 0.04109789148963015 0.034469897804676485
16.887999999999998 0.03794549578811303 0.03193973206086451
16.912 0.034937089608300616 0.02951133446752416
16.936 0.032072326328941726 0.02718602972962958
16.96 0.029353849749553414 0.024968174063055956
16.984 0.02678379926599219 0.02286160825333996
17.008 0.02436199180385731 0.020867799789017243
17.032 0.0220857385884519 0.018985634124086728
17.056 0.019950672384073158 0.01721223326170162
17.080000000000002 0.017951814806190614 0.01554403154806618
17.104 0.016084342419600623 0.0139775642918797
17.128 0.014343899227757709 0.012509811058704186
17.152 0.01272661327188121 0.011138244709167536
17.176000000000002 0.01122906578079322 0.009860828814554289
17.2 0.009848343625259711 0.008676090242114706
17.224 0.00858210925018839 0.007583199125444011
17.248 0.007428502121252481 0.006581869922508323
17.272000000000002 0.006385727702290349 0.0056719403599907285
17.296 0.005451365854339481 0.004852661667525514
17.32 0.00462162573409553 0.0041219291864048125
17.344 0.0038908641365942138 0.003475772630647114
17.368000000000002 0.003251609514162879 0.002908350737100966
17.392 0.002695131067930646 0.002412492223637344
17.416 0.0022123661111627846 0.0019805986107632088
17.44 0.0017948798838380003 0.0016055850063833152
17.464 0.0014355384563681129 0.00128154065651176
17.488 0.0011287106901986322 0.0010039254343832999
17.512 0.0008700065969132799 0.0007693089209786358
17.536 0.0006557206538639844 0.0005748193695433332
17.56 0.000482221074850349 0.00041754209759620057
17.584 0.0003454985609575393 0.00029407947674825024
17.608 0.0002409915069953169 0.00020038837978015632
17.632 0.00016368958113602115 0.00013189614033143904
17.656 0.00010842933099439701 8.380797986731972e-05
17.68 7.025769985650883e-05 5.148097067616321e-05
17.704 4.475098013718685e-05 3.0750343302485054e-05
17.728 2.821948284234997e-05 1.813401098632135e-05
17.752 1.777857929256414e-05 1.0888259541254231e-05
17.776 1.1306370774452165e-05 6.940846772981709e-06
17.8 7.32864279551582e-06 4.8029883705633925e-06
17.824 4.873927623807372e-06 3.538523399937867e-06
17.848 3.3318857807473053e-06 2.6790234395506384e-06
17.872 2.3343588724829256e-06 2.03556112412078e-06
17.896 1.6659640334496677e-06 1.5367662950661284e-06
17.92 1.202687189786366e-06 1.149580461743869e-06
17.944 8.728316500347719e-07 8.51987885674882e-07
17.968 6.33787124471701e-07 6.259471976783849e-07
17.992 4.589705372062284e-07 4.56134089766989e-07
18.016000000000002 3.307989307030813e-07 3.298071830120285e-07
18.04 2.3700020111706652e-07 2.366628561837134e-07
18.064 1.686679047256011e-07 1.685551898095043e-07
18.088 1.1919075619214782e-07 1.1915326371993005e-07
18.112000000000002 8.361435384716512e-08 8.360172945110694e-08
18.136 5.822222057153263e-08 5.8217843475430486e-08
18.16 4.023726986199732e-08 4.0235688199837377e-08
18.184 2.759769487355662e-08 2.7597097830223856e-08
18.208000000000002 1.8784516225429696e-08 1.8784282578737248e-08
18.232 1.2687955289994273e-08 1.2687861725703913e-08
18.256 8.504156185672178e-09 8.50411834800738e-09
18.28 5.655927081694088e-09 5.655911788593347e-09
18.304000000000002 3.732463585611992e-09 3.732457451023369e-09
18.328 2.443958403997513e-09 2.4439559721190688e-09
18.352 1.587766605704086e-09 1.5877656552913865e-09
18.376 1.0234417876922067e-09 1.0234414219888992e-09
18.400000000000002 6.545050853645476e-10 6.545049469128633e-10
18.424 4.15266381548761e-10 4.15266329993421e-10
18.448 2.6139393497744875e-10 2.613939160982334e-10
18.472 1.6323411719207016e-10 1.6323411039385033e-10
18.496 1.0112657940044961e-10 1.0112657699336496e-10
18.52 6.215147221849049e-11 6.215147138045084e-11
18.544 3.7893304323006435e-11 3.789330403611954e-11
18.568 2.291881485019516e-11 2.2918814753628472e-11
18.592 1.3751007649259096e-11 1.3751007617298663e-11
18.616 8.184346715759109e-12 8.184346705358343e-12
18.64 4.832094578033511e-12 4.8320945747055036e-12
18.664 2.829983130094221e-12 2.8299831290471688e-12
18.688 1.6440865618850162e-12 1.6440865615611128e-12
18.712 9.474441071122146e-13 9.474441070136939e-13
18.736 5.415848839855564e-13 5.415848839560917e-13
18.76 3.0708574284045784e-13 3.0708574283179345e-13
18.784 1.7271471746391247e-13 1.7271471746140732e-13
18.808 9.63545457201813e-14 9.635454571946912e-14
18.832 5.331937217277273e-14 5.3319372172573666e-14
18.856 2.9266094499248876e-14 2.9266094499194167e-14
18.88 1.5933404220443482e-14 1.5933404220428696e-14
18.904 8.604264039874017e-15 8.604264039870092e-15
18.928 4.60869188195941e-15 4.608691881958382e-15
18.952 2.4484880203323097e-15 2.448488020332046e-15
18.976 1.2902455234820015e-15 1.2902455234819346e-15
19.0 6.743706019088194e-16 6.743706019088028e-16
19.024 3.4960265773830434e-16 3.4960265773830025e-16
19.048000000000002 1.7976233066803664e-16 1.7976233066803568e-16
19.072 9.167874601026034e-17 9.167874601026013e-17
19.096 4.6374888874529345e-17 4.6374888874529296e-17
19.12 2.3266961142433644e-17 2.326696114243363e-17
19.144000000000002 1.1578103194027461e-17 1.1578103194027456e-17
19.168 5.714452380282748e-18 5.714452380282747e-18
19.192 2.7973694325546884e-18 2.7973694325546884e-18
19.216 1.3581935394272666e-18 1.3581935394272664e-18
19.240000000000002 6.540467808803438e-19 6.540467808803438e-19
19.264 3.1238489871158305e-19 3.12384898711583e-19
19.288 1.4798037504122104e-19 1.47980375041221e-19
19.312 6.952643357684189e-20 6.952643357684187e-20
19.336000000000002 3.239861396840795e-20 3.2398613968407957e-20
19.36 1.497381705948904e-20 1.4973817059489038e-20
19.384 6.863841345708198e-21 6.863841345708197e-21
19.408 3.120539072638815e-21 3.120539072638815e-21
19.432000000000002 1.4070799748989456e-21 1.4070799748989455e-21
19.456 6.29265385548854e-22 6.29265385548854e-22
19.48 2.7910908786044167e-22 2.7910908786044176e-22
19.504 1.2278304304347976e-22 1.2278304304347973e-22
19.528 5.357057757537052e-23 5.357057757537052e-23
19.552 2.3181261060626024e-23 2.3181261060626022e-23
19.576 9.948781266604819e-24 9.948781266604818e-24
19.6 4.2347144841726225e-24 4.2347144841726225e-24
19.624 1.7877186552314586e-24 1.787718655231459e-24
19.648 7.485044403338919e-25 7.485044403338919e-25
19.672 3.1082015390772515e-25 3.1082015390772515e-25
19.696 1.280097284415645e-25 1.2800972844156451e-25
19.72 5.228718398938706e-26 5.228718398938707e-26
19.744 2.1181927579071332e-26 2.1181927579071332e-26
19.768 8.510462314935511e-27 8.510462314935509e-27
19.792 3.3912342785587585e-27 3.3912342785587585e-27
19.816 1.3402287725197015e-27 1.3402287725197015e-27
19.84 5.253105700109564e-28 5.253105700109564e-28
19.864 2.0420622278513096e-28 2.042062227851309e-28
19.888 7.872941489976032e-29 7.872941489976031e-29
19.912 3.0103701472344764e-29 3.010370147234476e-29
19.936 1.1416085572724587e-29 1.1416085572724583e-29
19.96 4.293669460191697e-30 4.293669460191697e-30
19.984 1.6015987584277523e-30 1.6015987584277527e-30
20.008 5.925052761675305e-31 5.925052761675306e-31
20.032 2.1739210942546935e-31 2.173921094254694e-31
20.056 7.910575363255995e-32 7.910575363255995e-32
20.080000000000002 2.8548599346168446e-32 2.854859934616844e-32
20.104 1.0218183188869202e-32 1.0218183188869202e-32
20.128 3.627224419013558e-33 3.627224419013557e-33
20.152 1.2769878371975063e-33 1.2769878371975062e-33
20.176000000000002 4.458722312030221e-34 4.458722312030221e-34
20.2 1.5439924352718243e-34 1.5439924352718243e-34
20.224 5.302622933369465e-35 5.302622933369465e-35
20.248 1.8061213383082784e-35 1.806121338308278e-35
20.272000000000002 6.101174907277756e-36 6.101174907277757e-36
20.296 2.0440437312078195e-36 2.04404373120782e-36
20.32 6.791674067259838e-37 6.791674067259838e-37
20.344 2.238067758840857e-37 2.2380677588408565e-37
20.368000000000002 7.314407836100646e-38 7.314407836100645e-38
20.392 2.37079755189482e-38 2.37079755189482e-38
20.416 7.621122503040539e-39 7.621122503040538e-39
20.44 2.4296986549347827e-39 2.4296986549347827e-39
20.464 7.682361015176915e-40 7.682361015176913e-40
20.488 2.409049227007307e-40 2.4090492270073074e-40
20.512 7.492127203613067e-41 7.492127203613066e-41
20.536 2.310856419328618e-41 2.310856419328618e-41
20.56 7.068853585624318e-42 7.068853585624317e-42
20.584 2.144534670876942e-42 2.144534670876942e-42
20.608 6.452456433044017e-43 6.452456433044018e-43
20.632 1.925417345898112e-43 1.9254173458981115e-43
20.656 5.698129834301954e-44 5.698129834301953e-44
20.68 1.6724276468959391e-44 1.6724276468959391e-44
20.704 4.8682150296664547e-45 4.868215029666456e-45
20.728 1.405398443406393e-45 1.405398443406393e-45
20.752 4.023799868865992e-46 4.023799868865992e-46
20.776 1.1425635267750647e-46 1.1425635267750647e-46
20.8 3.2175945363672716e-47 3.217594536367271e-47
20.824 8.986470426547069e-48 8.986470426547066e-48
20.848 2.4891654214347627e-48 2.4891654214347627e-48
20.872 6.837936300546141e-49 6.8379363005461384e-49
20.896 1.8629574357388968e-49 1.8629574357388968e-49
20.92 5.033699848986669e-50 5.033699848986669e-50
20.944 1.348894908340977e-50 1.348894908340977e-50
20.968 3.584885166198223e-51 3.584885166198223e-51
20.992 9.448843056863087e-52 9.448843056863087e-52
21.016000000000002 2.46995021125738e-52 2.46995021125738e-52
21.04 6.403300217501237e-53 6.4033002175012355e-53
21.064 1.6463628542496044e-53 1.6463628542496042e-53
21.088 4.1981041940082854e-54 4.1981041940082854e-54
21.112000000000002 1.061663190213169e-54 1.0616631902131689e-54
21.136 2.662723880527636e-55 2.6627238805276356e-55
21.16 6.623251863065462e-56 6.623251863065462e-56
21.184 1.6338873484800731e-56 1.6338873484800731e-56
21.208000000000002 3.997409065714613e-57 3.9974090657146127e-57
21.232 9.699306034563803e-58 9.6993060345638e-58
21.256 2.33403983020174e-58 2.33403983020174e-58
21.28 5.570335340976983e-59 5.570335340976983e-59
21.304000000000002 1.3184384042180738e-59 1.3184384042180736e-59
21.328 3.094879359728728e-60 3.094879359728728e-60
21.352 7.20498252408845e-61 7.204982524088451e-61
21.376 1.6635176744232822e-61 1.6635176744232825e-61
21.400000000000002 3.8091418212647934e-62 3.8091418212647943e-62
21.424 8.650317679907988e-63 8.650317679907987e-63
21.448 1.9482384970131915e-63 1.9482384970131915e-63
21.472 4.351683410360529e-64 4.3516834103605296e-64
21.496 9.64001106963911e-65 9.640011069639108e-65
21.52 2.1178870888066483e-65 2.117887088806648e-65
21.544 4.614589418363497e-66 4.6145894183634974e-66
21.568 9.971678914818911e-67 9.971678914818911e-67
21.592 2.1370192198374218e-67 2.1370192198374215e-67
21.616 4.5420661914000025e-68 4.542066191400001e-68
21.64 9.57421874374039e-69 9.57421874374039e-69
21.664 2.0015113486804728e-69 2.0015113486804725e-69
21.688 4.1497082308723284e-70 4.149708230872328e-70
21.712 8.532608747433035e-71 8.532608747433033e-71
21.736 1.7400063686374134e-71 1.7400063686374136e-71
21.76 3.519042825388359e-72 3.5190428253883587e-72
21.784 7.058346069554983e-73 7.058346069554983e-73
21.808 1.404061075351003e-73 1.4040610753510028e-73
21.832 2.769961176461171e-74 2.7699611764611714e-74
21.856 5.419584238971041e-75 5.41958423897104e-75
21.88 1.0516297009100938e-75 1.0516297009100937e-75
21.904 2.0237845491549362e-76 2.023784549154936e-76
21.928 3.862515605186033e-77 3.862515605186032e-77
21.952 7.311066521963604e-78 7.311066521963604e-78
21.976 1.372447437390671e-78 1.3724474373906713e-78
22.0 2.5551428349047532e-79 2.5551428349047527e-79
22.024 4.717795395599812e-80 4.717795395599811e-80
22.048000000000002 8.639079304254884e-81 8.639079304254884e-81
22.072 1.5689179802479862e-81 1.5689179802479857e-81
22.096 2.8257739885499797e-82 2.82577398854998e-82
22.12 5.0475309734943546e-83 5.047530973494355e-83
22.144000000000002 8.941799599194186e-84 8.941799599194186e-84
22.168 1.57099653279479e-84 1.5709965327947901e-84
22.192 2.7373470350944696e-85 2.7373470350944696e-85
22.216 4.730301442728215e-86 4.730301442728215e-86
22.240000000000002 8.10684902131414e-87 8.10684902131414e-87
22.264 1.3779061818982024e-87 1.3779061818982022e-87
22.288 2.3226913086066325e-88 2.3226913086066325e-88
22.312 3.8830019685081896e-89 3.883001968508189e-89
22.336000000000002 6.437955695505985e-90 6.437955695505985e-90
22.36 1.0586017350112422e-90 1.0586017350112422e-90
22.384 1.7263205975076138e-91 1.7263205975076133e-91
22.408 2.791994284295526e-92 2.7919942842955266e-92
22.432000000000002 4.478285816990656e-93 4.478285816990656e-93
22.456 7.123825801437269e-94 7.12382580143727e-94
22.48 1.1238774665717422e-94 1.1238774665717425e-94
22.504 1.758445108941849e-95 1.758445108941849e-95
22.528 2.728618618564928e-96 2.728618618564928e-96
22.552 4.1991464440389524e-97 4.199146444038953e-97
22.576 6.408897928222092e-98 6.408897928222092e-98
22.6 9.700850940813048e-99 9.700850940813046e-99
22.624 1.456265102023177e-99 1.456265102023177e-99
22.648 2.1680793790095895e-100 2.1680793790095895e-100
22.672 3.2012090302235873e-101 3.201209030223586e-101
22.696 4.687669645377176e-102 4.687669645377176e-102
22.72 6.807757313807247e-103 6.807757313807246e-103
22.744 9.805172269615072e-104 9.80517226961507e-104
22.768 1.4005882535136086e-104 1.4005882535136086e-104
22.792 1.9841285795126688e-105 1.9841285795126688e-105
22.816 2.787617748676821e-106 2.7876177486768215e-106
22.84 3.884192076970439e-107 3.8841920769704387e-107
22.864 5.367502281963474e-108 5.3675022819634734e-108
22.888 7.356103551807913e-109 7.356103551807914e-109
22.912 9.998330340426536e-110 9.998330340426537e-110
22.936 1.3477556909289475e-110 1.3477556909289475e-110
22.96 1.8017681562082583e-111 1.8017681562082583e-111
22.984 2.3888598686301575e-112 2.3888598686301575e-112
23.008 3.141134059305026e-113 3.141134059305026e-113
23.032 4.0962484869891626e-114 4.0962484869891626e-114
23.056 5.2977338492335e-115 5.297733849233498e-115
23.080000000000002 6.795133505801664e-116 6.795133505801665e-116
23.104 8.643902560883057e-117 8.643902560883056e-117
23.128 1.0905001713670225e-117 1.0905001713670223e-117
23.152 1.3644122700478398e-118 1.3644122700478398e-118
23.176000000000002 1.6930488655292558e-119 1.6930488655292556e-119
23.2 2.083518517041171e-120 2.0835185170411704e-120
23.224 2.5428996788237924e-121 2.542899678823792e-121
23.248 3.07797491887441e-122 3.0779749188744096e-122
23.272000000000002 3.694918896350698e-123 3.694918896350697e-123
23.296 4.3989469424714844e-124 4.398946942471484e-124
23.32 5.193935050988647e-125 5.193935050988648e-125
23.344 6.082026094914048e-126 6.082026094914048e-126
23.368000000000002 7.063240832056304e-127 7.063240832056304e-127
23.392 8.135115390159214e-128 8.135115390159213e-128
23.416 9.292389068435485e-129 9.292389068435482e-129
23.44 1.0526767113323712e-129 1.0526767113323712e-129
23.464000000000002 1.1826782338197055e-130 1.1826782338197055e-130
23.488 1.3177776872013208e-131 1.3177776872013208e-131
23.512 1.4562020881554324e-132 1.456202088155432e-132
23.536 1.5958978911000888e-133 1.5958978911000886e-133
23.56 1.734572678157903e-134 1.7345726781579027e-134
23.584 1.8697513214869794e-135 1.869751321486979e-135
23.608 1.998845104929212e-136 1.9988451049292118e-136
23.632 2.1192313775538277e-137 2.1192313775538275e-137
23.656 2.2283404840374357e-138 2.228340484037436e-138
23.68 2.323746046285421e-139 2.323746046285421e-139
23.704 2.4032542199157796e-140 2.4032542199157796e-140
23.728 2.4649873664014995e-141 2.4649873664014993e-141
23.752 2.5074576956617155e-142 2.5074576956617155e-142
23.776 2.529626849821392e-143 2.5296268498213914e-143
23.8 2.530948097306595e-144 2.5309480973065947e-144
23.824 2.5113887434953438e-145 2.5113887434953438e-145
23.848 2.471431475397923e-146 2.4714314753979225e-146
23.872 2.4120545631423185e-147 2.412054563142318e-147
23.896 2.334692052078476e-148 2.3346920520784757e-148
23.92 2.2411762070490858e-149 2.2411762070490853e-149
23.944 2.1336654334140967e-150 2.133665433414097e-150
23.968 2.0145616308434267e-151 2.0145616308434264e-151
23.992 1.886421389128224e-152 1.8864213891282234e-152
24.016000000000002 1.7518655875328363e-153 1.751865587532836e-153
24.04 1.6134918127911105e-154 1.6134918127911105e-154
24.064 1.4737935915401031e-155 1.4737935915401046e-155
24.088 1.335089787003806e-156 1.335089787003676e-156
24.112000000000002 1.1994666981016606e-157 1.1994666981145602e-157
24.136 1.0687344917581663e-158 1.0687344901845682e-158
24.16 9.443986678270926e-160 9.443988988426456e-160
24.184 8.27646368252415e-161 8.27690415870253e-161
24.208000000000002 7.193465557118874e-162 7.236778182255701e-162
24.232 6.200624461841727e-163 0.0
24.256 5.300741127446275e-164 0.0
24.28 4.494088960248947e-165 0.0
24.304000000000002 3.778771560763797e-166 0.0
24.328 3.151109635837544e-167 0.0
24.352 2.6060352805517434e-168 0.0
24.376 2.1374746306240627e-169 0.0
24.400000000000002 1.73870357395713e-170 0.0
24.424 1.4026652057246084e-171 0.0
24.448 1.1222416943934202e-172 0.0
24.472 8.90476932317756e-174 0.0
24.496000000000002 7.007495773562101e-175 0.0
24.52 5.468987263058482e-176 0.0
24.544 4.233064395962938e-177 0.0
24.568 3.249426619585862e-178 0.0
24.592 2.473788050122887e-179 0.0
24.616 1.8677645780065752e-180 0.0
24.64 1.3985747264569546e-181 0.0
24.664 1.038611459350243e-182 0.0
24.688 7.649348307649545e-184 0.0
24.712 5.587269955970645e-185 0.0
24.736 4.0474245870029135e-186 0.0
24.76 2.907781484843137e-187 0.0
24.784 2.0718039597465194e-188 0.0
24.808 1.4639944855470885e-189 0.0
24.832 1.0259687024936632e-190 0.0
24.856 7.13070834863781e-192 0.0
24.88 4.915131301195038e-193 0.0
24.904 3.3600169059300696e-194 0.0
24.928 2.277989349985491e-195 0.0
24.952 1.5316721082959377e-196 0.0
24.976 1.0213716662841836e-197 0.0
25.0 6.754694243913755e-199 0.0
