# selection Avg-rmsf Err
835 0.5586995921499378 0.028296197908464587
836 0.5357371594827635 0.024311391578727196
837 0.5061063434509812 0.020479596867668638
838 0.46953669372659956 0.016393144598894783
839 0.42813704614877973 0.012357227012966425
840 0.45532123440930156 0.01625770826302302
841 0.4772734864060434 0.020598721305081343
842 0.4906256988498406 0.021175038649719022
843 0.5000802899509276 0.01916741508147172
844 0.4877873019199906 0.022294829344116605
845 0.5270904762765771 0.04796013670352316
846 0.6218902798575641 0.017735248551020724
847 0.5752228321357372 0.04025437490720603
848 0.5091859894761435 0.03480494400393444
849 0.6973923761508252 0.05959330309189103
850 0.8188000345670277 0.06368619219671962
851 0.6937904705385278 0.072012162615628
852 0.6088203684336748 0.09192953200150349
853 0.6952909112423287 0.0558209416865861
854 0.7005942902651736 0.07868351725829188
855 0.5486101757792333 0.048831877879939166
856 0.508035875185648 0.016932990792556647
857 0.5485483889109871 0.014931154374540257
858 0.5176263806729836 0.040253061530182176
859 0.45880347255980913 0.029670668148698093
860 0.41832547380365315 0.014100389380022418
861 0.4025856163934919 0.023142006362466275
862 0.48597697407322915 0.0310241762224279
863 0.4891171117415083 0.036764386689416596
864 0.40104773778310693 0.026270264152372474
865 0.4241581651940504 0.01738292866975532
866 0.5115282921901152 0.017458249484330213
867 0.5099927738647156 0.024551369950937457
868 0.46226399874604446 0.01919396501641564
869 0.564410625002309 0.021387919832618403
870 0.6440237019244941 0.01992426829584777
