# selection Avg-rmsf Err
2 3.0532614722512568 0.17828593228265222
3 1.8484092975823614 0.05325015194407576
4 1.5334104336616736 0.12502567908160556
5 1.367582000480534 0.07176204824959277
6 1.343128344606632 0.042712431626497564
7 1.2653702921534375 0.016148472636878703
8 1.156356431815225 0.02624085271998905
9 1.115483961857193 0.028812856247495966
10 1.1459825560151 0.0725883335401254
11 1.1707424637726331 0.04498610877386546
12 1.178673294129105 0.07788493682262565
13 1.4456533429446263 0.07917247095191314
14 1.9749550272883571 0.17940758751037825
