# selection Avg-rmsf Err
1099 1.2752847678282393 0.1362020614722128
1100 1.591655466216948 0.14146916057396064
1101 1.506463989292516 0.1323740570330435
1102 1.2571426431328088 0.18634772693419874
1103 1.4011835808767432 0.20330638862952055
1104 1.7140251223005643 0.3094587952504889
1105 1.7675000238546805 0.3525916796503352
1106 1.8243659642050747 0.2446803802529135
1107 1.790946330632135 0.21412162517646022
1108 1.7253188850852552 0.16116848351709293
1109 2.006482940297369 0.2699318363572988
1110 2.4759394326071593 0.1899248934932168
1111 2.562128338066792 0.2924280145324126
1112 2.5833243002143944 0.12158730957797889
1113 1.9958918218628559 0.14951757378356156
1114 1.8852723874215627 0.3683378009147416
1115 1.8331990216061733 0.4495446771361418
1116 1.788542842892871 0.36319913381575114
1117 1.3337081888666091 0.165345118375588
1118 1.1135563550746181 0.17131782016678765
1119 0.9888501794389232 0.1534664896922236
1120 0.9078117428574604 0.059208361931250494
1121 0.765459524911696 0.05289890447825739
1122 0.7615011417163988 0.05677255547552117
1123 0.646427309731299 0.06662277728884541
1124 0.5982026399248285 0.04360107813548825
1125 0.660308927520169 0.05483090062490596
1126 0.7015865807625346 0.08194763637604445
1127 0.7159764862084099 0.07394248149438283
1128 0.7878810334388591 0.045353534739733935
1129 0.8479937064844462 0.05952593330891919
1130 0.9534170341895463 0.0807291683263766
