835 1099 0.0 0.0
835 1100 0.0 0.0
835 1101 0.0 0.0
835 1102 0.0 0.0
835 1103 0.0 0.0
835 1104 0.0 0.0
835 1105 0.0 0.0
835 1106 0.0 0.0
835 1107 0.0 0.0
835 1108 0.0 0.0
835 1109 0.0 0.0
835 1110 0.0 0.0
835 1111 0.0 0.0
835 1112 0.0 0.0
835 1113 0.0 0.0
835 1114 0.0 0.0
835 1115 0.0 0.0
835 1116 0.0 0.0
835 1117 0.0 0.0
835 1118 0.0 0.0
835 1119 0.0 0.0
835 1120 0.0 0.0
835 1121 0.0 0.0
835 1122 0.0 0.0
835 1123 0.0 0.0
835 1124 0.0 0.0
835 1125 0.0 0.0
835 1126 0.0 0.0
835 1127 0.0 0.0
835 1128 0.0 0.0
835 1129 0.0 0.0
835 1130 0.0 0.0
836 1099 0.0 0.0
836 1100 0.0 0.0
836 1101 0.0 0.0
836 1102 0.0 0.0
836 1103 0.0 0.0
836 1104 0.0 0.0
836 1105 0.0 0.0
836 1106 0.0 0.0
836 1107 0.0 0.0
836 1108 0.0 0.0
836 1109 0.0 0.0
836 1110 0.0 0.0
836 1111 0.0 0.0
836 1112 0.0 0.0
836 1113 0.0 0.0
836 1114 0.0 0.0
836 1115 0.0 0.0
836 1116 0.0 0.0
836 1117 0.0 0.0
836 1118 0.0 0.0
836 1119 0.0 0.0
836 1120 0.0 0.0
836 1121 0.0 0.0
836 1122 0.0 0.0
836 1123 0.0 0.0
836 1124 0.0 0.0
836 1125 0.0 0.0
836 1126 0.0 0.0
836 1127 0.0 0.0
836 1128 0.0 0.0
836 1129 0.0 0.0
836 1130 0.0 0.0
837 1099 0.0 0.0
837 1100 0.0 0.0
837 1101 0.0 0.0
837 1102 0.0 0.0
837 1103 0.0 0.0
837 1104 0.0 0.0
837 1105 0.0 0.0
837 1106 0.0 0.0
837 1107 0.0 0.0
837 1108 0.0 0.0
837 1109 0.0 0.0
837 1110 0.0 0.0
837 1111 0.0 0.0
837 1112 0.0 0.0
837 1113 0.0 0.0
837 1114 0.0 0.0
837 1115 0.0 0.0
837 1116 0.0 0.0
837 1117 0.0 0.0
837 1118 0.0 0.0
837 1119 0.0 0.0
837 1120 0.0 0.0
837 1121 0.0 0.0
837 1122 0.0 0.0
837 1123 0.0 0.0
837 1124 0.0 0.0
837 1125 0.0 0.0
837 1126 0.0 0.0
837 1127 0.0 0.0
837 1128 0.0 0.0
837 1129 0.0 0.0
837 1130 0.0 0.0
838 1099 0.0 0.0
838 1100 0.0 0.0
838 1101 0.0 0.0
838 1102 0.0 0.0
838 1103 0.0 0.0
838 1104 0.0 0.0
838 1105 0.0 0.0
838 1106 0.14775 0.14775
838 1107 0.0 0.0
838 1108 0.0 0.0
838 1109 0.0 0.0
838 1110 0.0 0.0
838 1111 0.0 0.0
838 1112 0.0 0.0
838 1113 0.0 0.0
838 1114 0.0 0.0
838 1115 0.0 0.0
838 1116 0.0 0.0
838 1117 0.0 0.0
838 1118 0.0 0.0
838 1119 0.0 0.0
838 1120 0.0 0.0
838 1121 0.0 0.0
838 1122 0.0 0.0
838 1123 0.0 0.0
838 1124 0.0 0.0
838 1125 0.0 0.0
838 1126 0.0 0.0
838 1127 0.0 0.0
838 1128 0.0 0.0
838 1129 0.0 0.0
838 1130 0.0 0.0
839 1099 0.0 0.0
839 1100 0.0 0.0
839 1101 0.0 0.0
839 1102 0.0 0.0
839 1103 0.0 0.0
839 1104 0.00030000000000000003 0.00030000000000000003
839 1105 0.06889999999999999 0.04724699725908515
839 1106 0.1815 0.1815
839 1107 0.15165 0.15165
839 1108 0.016900000000000002 0.016837569598965287
839 1109 0.00605 0.00605
839 1110 0.0 0.0
839 1111 0.0 0.0
839 1112 0.0 0.0
839 1113 0.0 0.0
839 1114 0.0 0.0
839 1115 0.0 0.0
839 1116 0.0 0.0
839 1117 0.0 0.0
839 1118 0.0 0.0
839 1119 0.0 0.0
839 1120 0.0 0.0
839 1121 0.0 0.0
839 1122 0.0 0.0
839 1123 0.0 0.0
839 1124 0.0 0.0
839 1125 0.0 0.0
839 1126 0.0 0.0
839 1127 0.0 0.0
839 1128 0.0 0.0
839 1129 0.0 0.0
839 1130 0.0 0.0
840 1099 0.0 0.0
840 1100 0.0 0.0
840 1101 0.0 0.0
840 1102 0.0 0.0
840 1103 0.0 0.0
840 1104 0.0 0.0
840 1105 0.0 0.0
840 1106 0.10329999999999999 0.10329999999999998
840 1107 0.0 0.0
840 1108 0.0 0.0
840 1109 0.0 0.0
840 1110 0.0 0.0
840 1111 0.0 0.0
840 1112 0.0 0.0
840 1113 0.0 0.0
840 1114 0.0 0.0
840 1115 0.0 0.0
840 1116 0.0 0.0
840 1117 0.0 0.0
840 1118 0.0 0.0
840 1119 0.0 0.0
840 1120 0.0 0.0
840 1121 0.0 0.0
840 1122 0.0 0.0
840 1123 0.0 0.0
840 1124 0.0 0.0
840 1125 0.0 0.0
840 1126 0.0 0.0
840 1127 0.0 0.0
840 1128 0.0 0.0
840 1129 0.0 0.0
840 1130 0.0 0.0
841 1099 0.0 0.0
841 1100 0.0 0.0
841 1101 0.0 0.0
841 1102 0.0 0.0
841 1103 0.0 0.0
841 1104 0.0 0.0
841 1105 0.02715 0.02591809213657517
841 1106 0.13085 0.13085
841 1107 0.0 0.0
841 1108 5e-05 5e-05
841 1109 0.0 0.0
841 1110 0.0 0.0
841 1111 0.0 0.0
841 1112 0.0 0.0
841 1113 0.0 0.0
841 1114 0.0 0.0
841 1115 0.0 0.0
841 1116 0.0 0.0
841 1117 0.0 0.0
841 1118 0.0 0.0
841 1119 0.0 0.0
841 1120 0.0 0.0
841 1121 0.0 0.0
841 1122 0.0 0.0
841 1123 0.0 0.0
841 1124 0.0 0.0
841 1125 0.0 0.0
841 1126 0.0 0.0
841 1127 0.0 0.0
841 1128 0.0 0.0
841 1129 0.0 0.0
841 1130 0.0 0.0
842 1099 0.0 0.0
842 1100 0.0 0.0
842 1101 0.0 0.0
842 1102 0.0005499999999999999 0.0005499999999999999
842 1103 0.0009 0.0008999999999999999
842 1104 0.2008 0.08048545676083349
842 1105 0.2833 0.17364621720613438
842 1106 0.1893 0.1873680102098541
842 1107 0.1183 0.1163103176850618
842 1108 0.052649999999999995 0.032594247958804015
842 1109 5e-05 5e-05
842 1110 0.0 0.0
842 1111 0.0 0.0
842 1112 0.0 0.0
842 1113 0.0 0.0
842 1114 0.0 0.0
842 1115 0.0 0.0
842 1116 0.0 0.0
842 1117 0.0 0.0
842 1118 0.0 0.0
842 1119 0.0 0.0
842 1120 0.0 0.0
842 1121 0.0 0.0
842 1122 0.0 0.0
842 1123 0.0 0.0
842 1124 0.0 0.0
842 1125 0.0 0.0
842 1126 0.0 0.0
842 1127 0.0 0.0
842 1128 0.0 0.0
842 1129 0.0 0.0
842 1130 0.0 0.0
843 1099 0.0 0.0
843 1100 0.0 0.0
843 1101 0.0 0.0
843 1102 0.00065 0.0006499999999999999
843 1103 0.0005499999999999999 0.0005499999999999999
843 1104 0.02765 0.020787105378094375
843 1105 0.26805 0.1684388316273893
843 1106 0.187 0.18675010040157944
843 1107 0.00275 0.0027499999999999994
843 1108 0.0078 0.007015785772099941
843 1109 5e-05 5e-05
843 1110 0.0 0.0
843 1111 0.0 0.0
843 1112 0.0 0.0
843 1113 0.0 0.0
843 1114 0.0 0.0
843 1115 0.0 0.0
843 1116 0.0 0.0
843 1117 0.0 0.0
843 1118 0.0 0.0
843 1119 0.0 0.0
843 1120 0.0 0.0
843 1121 0.0 0.0
843 1122 0.0 0.0
843 1123 0.0 0.0
843 1124 0.0 0.0
843 1125 0.0 0.0
843 1126 0.0 0.0
843 1127 0.0 0.0
843 1128 0.0 0.0
843 1129 0.0 0.0
843 1130 0.0 0.0
844 1099 0.0 0.0
844 1100 0.0 0.0
844 1101 0.0 0.0
844 1102 0.0 0.0
844 1103 0.0 0.0
844 1104 0.01265 0.009943779462558488
844 1105 0.16119999999999998 0.12403695013986758
844 1106 0.13205 0.13204999999999997
844 1107 0.0 0.0
844 1108 0.0 0.0
844 1109 0.0 0.0
844 1110 0.0 0.0
844 1111 0.0 0.0
844 1112 0.0 0.0
844 1113 0.0 0.0
844 1114 0.0 0.0
844 1115 0.0 0.0
844 1116 0.0 0.0
844 1117 0.0 0.0
844 1118 0.0 0.0
844 1119 0.0 0.0
844 1120 0.0 0.0
844 1121 0.0 0.0
844 1122 0.0 0.0
844 1123 0.0 0.0
844 1124 0.0 0.0
844 1125 0.0 0.0
844 1126 0.0 0.0
844 1127 0.0 0.0
844 1128 0.0 0.0
844 1129 0.0 0.0
844 1130 0.0 0.0
845 1099 0.0 0.0
845 1100 0.0 0.0
845 1101 0.0 0.0
845 1102 0.0306 0.0306
845 1103 0.39239999999999997 0.05609142091264937
845 1104 0.6048 0.1383930859905942
845 1105 0.4702 0.11992100003752469
845 1106 0.25905 0.16830038992824706
845 1107 0.0975 0.038884444190447155
845 1108 0.11695 0.0969766208939041
845 1109 0.0014500000000000001 0.0012155245781143218
845 1110 0.0 0.0
845 1111 0.0 0.0
845 1112 0.0 0.0
845 1113 0.0 0.0
845 1114 0.0 0.0
845 1115 0.0 0.0
845 1116 0.0017000000000000001 0.0017000000000000001
845 1117 0.047299999999999995 0.047299999999999995
845 1118 0.0 0.0
845 1119 0.0 0.0
845 1120 0.0 0.0
845 1121 0.0 0.0
845 1122 0.0 0.0
845 1123 0.0 0.0
845 1124 0.0 0.0
845 1125 0.0 0.0
845 1126 0.0 0.0
845 1127 0.0 0.0
845 1128 0.0 0.0
845 1129 0.0 0.0
845 1130 0.0 0.0
846 1099 0.0 0.0
846 1100 0.0005499999999999999 0.0005499999999999999
846 1101 5e-05 5e-05
846 1102 0.13415 0.12279667137182504
846 1103 0.73715 0.09339120006724402
846 1104 0.56895 0.18910069077081657
846 1105 0.3359 0.18117427038627754
846 1106 0.27405 0.18648083681708422
846 1107 0.009049999999999999 0.007269112738154499
846 1108 0.04375 0.040341201023271475
846 1109 0.0 0.0
846 1110 0.0 0.0
846 1111 0.0 0.0
846 1112 0.0 0.0
846 1113 0.0 0.0
846 1114 0.0 0.0
846 1115 0.0 0.0
846 1116 0.0 0.0
846 1117 0.0 0.0
846 1118 0.0 0.0
846 1119 0.0 0.0
846 1120 0.0 0.0
846 1121 0.0 0.0
846 1122 0.0 0.0
846 1123 0.0 0.0
846 1124 0.0 0.0
846 1125 0.0 0.0
846 1126 0.0 0.0
846 1127 0.0 0.0
846 1128 0.0 0.0
846 1129 0.0 0.0
846 1130 0.0 0.0
847 1099 0.0 0.0
847 1100 0.0 0.0
847 1101 5e-05 5e-05
847 1102 0.027200000000000002 0.0272
847 1103 0.09015 0.037360791613669
847 1104 0.17645 0.07404877615464012
847 1105 0.23904999999999998 0.15813337724844806
847 1106 0.09725 0.09712504826253628
847 1107 0.0 0.0
847 1108 0.0002 0.0002
847 1109 0.0 0.0
847 1110 0.0 0.0
847 1111 0.0 0.0
847 1112 0.0 0.0
847 1113 0.0 0.0
847 1114 0.0 0.0
847 1115 0.0 0.0
847 1116 0.0 0.0
847 1117 0.0 0.0
847 1118 0.0 0.0
847 1119 0.0 0.0
847 1120 0.0 0.0
847 1121 0.0 0.0
847 1122 0.0 0.0
847 1123 0.0 0.0
847 1124 0.0 0.0
847 1125 0.0 0.0
847 1126 0.0 0.0
847 1127 0.0 0.0
847 1128 0.0 0.0
847 1129 0.0 0.0
847 1130 0.0 0.0
848 1099 0.0 0.0
848 1100 0.0001 0.0001
848 1101 0.0 0.0
848 1102 0.1131 0.1109254423024763
848 1103 0.131 0.050622561669674514
848 1104 0.052099999999999994 0.03620873513394248
848 1105 0.0595 0.03238238332797634
848 1106 5e-05 5e-05
848 1107 0.0 0.0
848 1108 0.0 0.0
848 1109 0.0 0.0
848 1110 0.0 0.0
848 1111 0.0 0.0
848 1112 0.0 0.0
848 1113 0.0 0.0
848 1114 0.0 0.0
848 1115 0.0 0.0
848 1116 0.0 0.0
848 1117 0.00025 0.00025
848 1118 0.0 0.0
848 1119 0.0 0.0
848 1120 0.0 0.0
848 1121 0.00015000000000000001 0.00015000000000000001
848 1122 0.0 0.0
848 1123 0.0 0.0
848 1124 0.0 0.0
848 1125 0.0 0.0
848 1126 0.0 0.0
848 1127 0.0 0.0
848 1128 0.0 0.0
848 1129 0.0 0.0
848 1130 0.0 0.0
849 1099 0.14225 0.1421250329815265
849 1100 0.23360000000000003 0.14351181571564064
849 1101 0.057199999999999994 0.042667054034699885
849 1102 0.7789499999999999 0.06125354071398648
849 1103 0.9410000000000001 0.033229975173027136
849 1104 0.7293499999999999 0.1451548655746682
849 1105 0.73105 0.1379387635873252
849 1106 0.1101 0.09204647603249132
849 1107 0.06055000000000001 0.03334763859705812
849 1108 0.04515 0.044651679699648485
849 1109 0.0005 0.0004999999999999999
849 1110 0.0 0.0
849 1111 0.0 0.0
849 1112 0.0 0.0
849 1113 0.0 0.0
849 1114 0.0 0.0
849 1115 0.0 0.0
849 1116 0.0001 0.0001
849 1117 0.01395 0.01395
849 1118 5e-05 5e-05
849 1119 0.04675 0.04668752510039486
849 1120 0.0002 0.0002
849 1121 0.10715 0.04607036737426781
849 1122 0.05800000000000001 0.0425746403390563
849 1123 0.0 0.0
849 1124 0.0 0.0
849 1125 0.00015000000000000001 0.00015000000000000001
849 1126 0.0 0.0
849 1127 0.0 0.0
849 1128 0.0 0.0
849 1129 0.0 0.0
849 1130 0.0 0.0
850 1099 0.0735 0.04845584330088581
850 1100 0.6281 0.12692033918958773
850 1101 0.35120000000000007 0.1260654195249435
850 1102 0.63025 0.18594822868207161
850 1103 0.69285 0.16746763866490744
850 1104 0.43554999999999994 0.15362990024731513
850 1105 0.23529999999999998 0.1565975215321111
850 1106 0.04925 0.039903320663824446
850 1107 0.00035 0.00035
850 1108 0.0047 0.0047
850 1109 0.0 0.0
850 1110 0.0 0.0
850 1111 0.0 0.0
850 1112 0.0 0.0
850 1113 0.0 0.0
850 1114 0.0 0.0
850 1115 0.0 0.0
850 1116 0.0 0.0
850 1117 0.0 0.0
850 1118 0.0 0.0
850 1119 0.00775 0.007749999999999999
850 1120 0.0 0.0
850 1121 0.011250000000000001 0.006544558808659297
850 1122 0.0 0.0
850 1123 0.0 0.0
850 1124 0.0 0.0
850 1125 0.0 0.0
850 1126 0.0 0.0
850 1127 0.0 0.0
850 1128 0.0 0.0
850 1129 0.0 0.0
850 1130 0.0 0.0
851 1099 0.0001 0.0001
851 1100 0.0418 0.011758082326638131
851 1101 0.0006500000000000001 0.00048476798574163284
851 1102 0.10164999999999999 0.09290709741456785
851 1103 0.19125 0.0989262351451828
851 1104 0.01165 0.007096037626732259
851 1105 0.0009999999999999998 0.0008803408430829503
851 1106 0.0 0.0
851 1107 0.0 0.0
851 1108 0.0 0.0
851 1109 0.0 0.0
851 1110 0.0 0.0
851 1111 0.0 0.0
851 1112 0.0 0.0
851 1113 0.0 0.0
851 1114 0.0 0.0
851 1115 0.0 0.0
851 1116 0.0 0.0
851 1117 0.0 0.0
851 1118 0.0 0.0
851 1119 0.0 0.0
851 1120 0.0 0.0
851 1121 0.0005499999999999999 0.0005499999999999999
851 1122 0.0 0.0
851 1123 0.0 0.0
851 1124 0.0 0.0
851 1125 0.0 0.0
851 1126 0.0 0.0
851 1127 0.0 0.0
851 1128 0.0 0.0
851 1129 0.0 0.0
851 1130 0.0 0.0
852 1099 0.0010500000000000002 0.0010500000000000004
852 1100 0.027249999999999996 0.017886272669284674
852 1101 0.0001 0.0001
852 1102 0.053849999999999995 0.05217887503578435
852 1103 0.028200000000000003 0.017110559605109356
852 1104 0.0201 0.01733810831665323
852 1105 0.09090000000000001 0.08793071135843268
852 1106 0.0 0.0
852 1107 0.0 0.0
852 1108 0.0 0.0
852 1109 0.0 0.0
852 1110 0.0 0.0
852 1111 0.0 0.0
852 1112 0.0 0.0
852 1113 0.0 0.0
852 1114 0.0 0.0
852 1115 0.0 0.0
852 1116 0.0 0.0
852 1117 0.0 0.0
852 1118 0.0 0.0
852 1119 0.0 0.0
852 1120 0.0005499999999999999 0.0005499999999999999
852 1121 0.79245 0.17424570295992953
852 1122 0.27819999999999995 0.121780704547149
852 1123 0.0 0.0
852 1124 0.0 0.0
852 1125 0.45435 0.13819679355904027
852 1126 0.0 0.0
852 1127 0.0 0.0
852 1128 0.0 0.0
852 1129 0.0 0.0
852 1130 0.0 0.0
853 1099 0.8290500000000002 0.1272058715232909
853 1100 0.7998000000000001 0.11383242617988953
853 1101 0.42174999999999996 0.13231142240940497
853 1102 0.9812 0.015643968486288903
853 1103 0.8602000000000001 0.11241787002074002
853 1104 0.72385 0.13885868716072466
853 1105 0.4958499999999999 0.2032159350297117
853 1106 0.1305 0.11858575483589924
853 1107 0.02425 0.022470536264183816
853 1108 0.00775 0.006660987164077108
853 1109 0.0008500000000000001 0.0008500000000000001
853 1110 0.0 0.0
853 1111 0.0 0.0
853 1112 0.0 0.0
853 1113 0.0 0.0
853 1114 0.0 0.0
853 1115 0.0 0.0
853 1116 0.00045 0.00044999999999999993
853 1117 0.10095000000000001 0.10095000000000001
853 1118 0.035050000000000005 0.02678285365677078
853 1119 0.4643 0.182920361769815
853 1120 0.7434999999999999 0.15978647862068932
853 1121 0.9995499999999999 0.00044999999999999484
853 1122 0.9937999999999999 0.0038950288830764805
853 1123 0.020700000000000003 0.015094576840706732
853 1124 0.033600000000000005 0.021001130921928943
853 1125 0.37255 0.09613286378757266
853 1126 0.0 0.0
853 1127 0.0 0.0
853 1128 0.0 0.0
853 1129 0.0 0.0
853 1130 0.0 0.0
854 1099 0.6237 0.13179691764225746
854 1100 0.9563499999999999 0.04069341162891114
854 1101 0.3368 0.11068817122890776
854 1102 0.5551 0.14537850597664018
854 1103 0.23929999999999998 0.1220122278708163
854 1104 0.00935 0.006926669473852494
854 1105 0.0001 0.0001
854 1106 0.0 0.0
854 1107 0.0 0.0
854 1108 0.0 0.0
854 1109 0.0 0.0
854 1110 0.0 0.0
854 1111 0.0 0.0
854 1112 0.0 0.0
854 1113 0.0 0.0
854 1114 0.0 0.0
854 1115 0.0 0.0
854 1116 0.0 0.0
854 1117 0.0 0.0
854 1118 0.0 0.0
854 1119 0.002 0.002
854 1120 0.0 0.0
854 1121 0.7293999999999999 0.0894545485148743
854 1122 0.0 0.0
854 1123 0.0 0.0
854 1124 0.0 0.0
854 1125 0.00795 0.00795
854 1126 0.0 0.0
854 1127 0.0 0.0
854 1128 0.0 0.0
854 1129 0.0 0.0
854 1130 0.0 0.0
855 1099 0.06284999999999999 0.06197805055017462
855 1100 0.2618 0.07457409905590545
855 1101 0.0001 0.0001
855 1102 0.0921 0.0921
855 1103 0.0014500000000000001 0.0012155245781143218
855 1104 0.00045 0.00044999999999999993
855 1105 0.0 0.0
855 1106 0.0 0.0
855 1107 0.0 0.0
855 1108 0.0 0.0
855 1109 0.0 0.0
855 1110 0.0 0.0
855 1111 0.0 0.0
855 1112 0.0 0.0
855 1113 0.0 0.0
855 1114 0.0 0.0
855 1115 0.0 0.0
855 1116 0.0 0.0
855 1117 0.0 0.0
855 1118 0.0 0.0
855 1119 0.0 0.0
855 1120 0.0 0.0
855 1121 0.10154999999999999 0.04246678113537686
855 1122 0.0 0.0
855 1123 0.0 0.0
855 1124 0.0 0.0
855 1125 0.01005 0.004256171989006082
855 1126 0.0 0.0
855 1127 0.0 0.0
855 1128 0.0 0.0
855 1129 0.0 0.0
855 1130 0.0 0.0
856 1099 0.0518 0.035686254356544614
856 1100 0.08514999999999999 0.03658402998577384
856 1101 0.0 0.0
856 1102 0.09530000000000001 0.07598895478949556
856 1103 0.0 0.0
856 1104 0.0004999999999999999 0.00044017042154147516
856 1105 0.0021000000000000003 0.0015341935992566258
856 1106 0.0 0.0
856 1107 0.0 0.0
856 1108 0.0 0.0
856 1109 0.0 0.0
856 1110 0.0 0.0
856 1111 0.0 0.0
856 1112 0.0 0.0
856 1113 0.0 0.0
856 1114 0.0 0.0
856 1115 0.0 0.0
856 1116 0.0 0.0
856 1117 0.0 0.0
856 1118 0.0 0.0
856 1119 5e-05 5e-05
856 1120 0.0 0.0
856 1121 0.9882500000000001 0.011749999999999993
856 1122 0.8763 0.04383166663497979
856 1123 0.0001 6.123724356957945e-05
856 1124 0.4659 0.10408303776312448
856 1125 0.99975 0.0002499999999999947
856 1126 0.0 0.0
856 1127 0.0 0.0
856 1128 0.0009000000000000001 0.00035881750236018306
856 1129 0.04945 0.02174359100976653
856 1130 0.0 0.0
857 1099 0.9996500000000001 0.0002449489742783112
857 1100 0.8814 0.11841253628733742
857 1101 0.66655 0.15216447515763984
857 1102 0.83245 0.0699410197952532
857 1103 0.0274 0.015242744175508555
857 1104 0.037 0.03302991068713326
857 1105 0.0 0.0
857 1106 0.0 0.0
857 1107 0.0 0.0
857 1108 0.0 0.0
857 1109 0.0 0.0
857 1110 0.0 0.0
857 1111 0.0 0.0
857 1112 0.0 0.0
857 1113 0.0 0.0
857 1114 0.0 0.0
857 1115 0.0 0.0
857 1116 0.0 0.0
857 1117 0.0 0.0
857 1118 0.0 0.0
857 1119 0.0107 0.0107
857 1120 0.011300000000000001 0.008992496872393115
857 1121 1.0 0.0
857 1122 0.0262 0.019416713161603844
857 1123 0.0 0.0
857 1124 0.99535 0.0022271057451320156
857 1125 0.69925 0.09524297874384231
857 1126 0.0 0.0
857 1127 0.0 0.0
857 1128 0.030400000000000003 0.013259100648234028
857 1129 0.0016 0.0014781745499094483
857 1130 0.0 0.0
858 1099 0.17775000000000002 0.10186820529488089
858 1100 0.69665 0.1761709326194307
858 1101 0.0001 0.0001
858 1102 0.0435 0.04337510806902963
858 1103 0.0 0.0
858 1104 0.0 0.0
858 1105 0.0 0.0
858 1106 0.0 0.0
858 1107 0.0 0.0
858 1108 0.0 0.0
858 1109 0.0 0.0
858 1110 0.0 0.0
858 1111 0.0 0.0
858 1112 0.0 0.0
858 1113 0.0 0.0
858 1114 0.0 0.0
858 1115 0.0 0.0
858 1116 0.0 0.0
858 1117 0.0 0.0
858 1118 0.0 0.0
858 1119 0.0 0.0
858 1120 0.0 0.0
858 1121 0.09595 0.019998968723411715
858 1122 0.0 0.0
858 1123 0.0 0.0
858 1124 0.0088 0.006512679939932561
858 1125 0.0064 0.006213191611402307
858 1126 0.0 0.0
858 1127 0.0 0.0
858 1128 0.0 0.0
858 1129 0.0 0.0
858 1130 0.0 0.0
859 1099 0.0002 0.0001457737973711325
859 1100 0.02545 0.01185021096858617
859 1101 0.0 0.0
859 1102 0.0 0.0
859 1103 0.0 0.0
859 1104 0.0 0.0
859 1105 0.0 0.0
859 1106 0.0 0.0
859 1107 0.0 0.0
859 1108 0.0 0.0
859 1109 0.0 0.0
859 1110 0.0 0.0
859 1111 0.0 0.0
859 1112 0.0 0.0
859 1113 0.0 0.0
859 1114 0.0 0.0
859 1115 0.0 0.0
859 1116 0.0 0.0
859 1117 0.0 0.0
859 1118 0.0 0.0
859 1119 0.0 0.0
859 1120 0.0 0.0
859 1121 0.041049999999999996 0.0159699718221417
859 1122 5e-05 5e-05
859 1123 0.0 0.0
859 1124 0.00030000000000000003 0.0001457737973711325
859 1125 0.8920999999999999 0.0625022799584143
859 1126 0.00030000000000000003 0.00030000000000000003
859 1127 0.0 0.0
859 1128 0.20644999999999997 0.15022983225711195
859 1129 0.6963 0.08587430494624104
859 1130 5e-05 5e-05
860 1099 0.66585 0.17093556168919327
860 1100 0.0602 0.025979968244784282
860 1101 0.0 0.0
860 1102 0.11804999999999996 0.1078955629300853
860 1103 0.0 0.0
860 1104 0.00030000000000000003 0.00030000000000000003
860 1105 0.0 0.0
860 1106 0.0 0.0
860 1107 0.0 0.0
860 1108 0.0 0.0
860 1109 0.0 0.0
860 1110 0.0 0.0
860 1111 0.0 0.0
860 1112 0.0 0.0
860 1113 0.0 0.0
860 1114 0.0 0.0
860 1115 0.0 0.0
860 1116 0.0 0.0
860 1117 0.0 0.0
860 1118 0.0 0.0
860 1119 0.0 0.0
860 1120 0.015000000000000003 0.010507140429250958
860 1121 0.9746499999999999 0.021361852681825135
860 1122 0.3122 0.08087986461412999
860 1123 0.01245 0.008771544903835355
860 1124 0.9994500000000001 0.000550000000000006
860 1125 1.0 0.0
860 1126 0.29640000000000005 0.029134236732751385
860 1127 0.0318 0.011034434738580859
860 1128 1.0 0.0
860 1129 0.9365 0.04884234842838744
860 1130 0.00095 0.0005385164807134504
861 1099 0.7899499999999999 0.09774301125911763
861 1100 0.6729499999999999 0.18398145966373894
861 1101 0.00015000000000000001 0.0001
861 1102 0.007250000000000001 0.0054025456962435775
861 1103 0.0 0.0
861 1104 0.0 0.0
861 1105 0.0 0.0
861 1106 0.0 0.0
861 1107 0.0 0.0
861 1108 0.0 0.0
861 1109 0.0 0.0
861 1110 0.0 0.0
861 1111 0.0 0.0
861 1112 0.0 0.0
861 1113 0.0 0.0
861 1114 0.0 0.0
861 1115 0.0 0.0
861 1116 0.0 0.0
861 1117 0.0 0.0
861 1118 0.0 0.0
861 1119 0.0 0.0
861 1120 0.0 0.0
861 1121 0.01725 0.016565777977505313
861 1122 0.0 0.0
861 1123 0.0 0.0
861 1124 0.6751499999999999 0.10958163623527438
861 1125 0.00965 0.009587622228686319
861 1126 0.0 0.0
861 1127 0.0 0.0
861 1128 0.38655 0.0676930757167969
861 1129 0.0009 0.0007271519786124494
861 1130 0.0 0.0
862 1099 0.0 0.0
862 1100 0.0016 0.0010173494974687902
862 1101 0.0 0.0
862 1102 0.0 0.0
862 1103 0.0 0.0
862 1104 0.0 0.0
862 1105 0.0 0.0
862 1106 0.0 0.0
862 1107 0.0 0.0
862 1108 0.0 0.0
862 1109 0.0 0.0
862 1110 0.0 0.0
862 1111 0.0 0.0
862 1112 0.0 0.0
862 1113 0.0 0.0
862 1114 0.0 0.0
862 1115 0.0 0.0
862 1116 0.0 0.0
862 1117 0.0 0.0
862 1118 0.0 0.0
862 1119 0.0 0.0
862 1120 0.0 0.0
862 1121 0.0 0.0
862 1122 0.0 0.0
862 1123 0.0 0.0
862 1124 0.0 0.0
862 1125 0.0 0.0
862 1126 0.0 0.0
862 1127 0.0 0.0
862 1128 0.00035 0.00021794494717703366
862 1129 0.0 0.0
862 1130 0.0 0.0
863 1099 0.0 0.0
863 1100 0.0 0.0
863 1101 0.0 0.0
863 1102 0.0 0.0
863 1103 0.0 0.0
863 1104 0.0 0.0
863 1105 0.0 0.0
863 1106 0.0 0.0
863 1107 0.0 0.0
863 1108 0.0 0.0
863 1109 0.0 0.0
863 1110 0.0 0.0
863 1111 0.0 0.0
863 1112 0.0 0.0
863 1113 0.0 0.0
863 1114 0.0 0.0
863 1115 0.0 0.0
863 1116 0.0 0.0
863 1117 0.0 0.0
863 1118 0.0 0.0
863 1119 0.0 0.0
863 1120 0.0 0.0
863 1121 0.0 0.0
863 1122 0.0 0.0
863 1123 0.0 0.0
863 1124 0.00165 0.0012134661099511596
863 1125 0.21799999999999997 0.0818193131234918
863 1126 0.00015000000000000001 0.00015000000000000001
863 1127 0.0 0.0
863 1128 0.8695499999999999 0.0526012951361466
863 1129 0.9010999999999999 0.05992055156621975
863 1130 0.0026 0.0025379617806420957
864 1099 0.15225 0.06079093271204184
864 1100 0.0006000000000000001 0.000422788363132194
864 1101 0.0 0.0
864 1102 0.0 0.0
864 1103 0.0 0.0
864 1104 0.0 0.0
864 1105 0.0 0.0
864 1106 0.0 0.0
864 1107 0.0 0.0
864 1108 0.0 0.0
864 1109 0.0 0.0
864 1110 0.0 0.0
864 1111 0.0 0.0
864 1112 0.0 0.0
864 1113 0.0 0.0
864 1114 0.0 0.0
864 1115 0.0 0.0
864 1116 0.0 0.0
864 1117 0.0 0.0
864 1118 0.0 0.0
864 1119 0.0 0.0
864 1120 0.0 0.0
864 1121 0.0 0.0
864 1122 0.0 0.0
864 1123 0.0 0.0
864 1124 0.9488999999999999 0.019744397939668878
864 1125 0.0010999999999999998 0.0009766012492312306
864 1126 0.0 0.0
864 1127 0.0016 0.0009273618495495704
864 1128 1.0 0.0
864 1129 0.038900000000000004 0.01605393254003517
864 1130 0.0 0.0
865 1099 0.0 0.0
865 1100 0.0024000000000000002 0.0017492855684535901
865 1101 0.0 0.0
865 1102 0.0 0.0
865 1103 0.0 0.0
865 1104 0.0 0.0
865 1105 0.0 0.0
865 1106 0.0 0.0
865 1107 0.0 0.0
865 1108 0.0 0.0
865 1109 0.0 0.0
865 1110 0.0 0.0
865 1111 0.0 0.0
865 1112 0.0 0.0
865 1113 0.0 0.0
865 1114 0.0 0.0
865 1115 0.0 0.0
865 1116 0.0 0.0
865 1117 0.0 0.0
865 1118 0.0 0.0
865 1119 0.0 0.0
865 1120 0.0 0.0
865 1121 0.0 0.0
865 1122 0.0 0.0
865 1123 0.0 0.0
865 1124 0.0 0.0
865 1125 0.0 0.0
865 1126 0.0 0.0
865 1127 0.0 0.0
865 1128 0.0018499999999999999 0.0008930285549745875
865 1129 0.0 0.0
865 1130 0.0 0.0
866 1099 0.0 0.0
866 1100 0.0 0.0
866 1101 0.0 0.0
866 1102 0.0 0.0
866 1103 0.0 0.0
866 1104 0.0 0.0
866 1105 0.0 0.0
866 1106 0.0 0.0
866 1107 0.0 0.0
866 1108 0.0 0.0
866 1109 0.0 0.0
866 1110 0.0 0.0
866 1111 0.0 0.0
866 1112 0.0 0.0
866 1113 0.0 0.0
866 1114 0.0 0.0
866 1115 0.0 0.0
866 1116 0.0 0.0
866 1117 0.0 0.0
866 1118 0.0 0.0
866 1119 0.0 0.0
866 1120 0.0 0.0
866 1121 0.0 0.0
866 1122 0.0 0.0
866 1123 0.0 0.0
866 1124 0.0 0.0
866 1125 0.0 0.0
866 1126 0.0 0.0
866 1127 0.0 0.0
866 1128 0.0 0.0
866 1129 0.0 0.0
866 1130 0.0 0.0
867 1099 0.0 0.0
867 1100 0.0 0.0
867 1101 0.0 0.0
867 1102 0.0 0.0
867 1103 0.0 0.0
867 1104 0.0 0.0
867 1105 0.0 0.0
867 1106 0.0 0.0
867 1107 0.0 0.0
867 1108 0.0 0.0
867 1109 0.0 0.0
867 1110 0.0 0.0
867 1111 0.0 0.0
867 1112 0.0 0.0
867 1113 0.0 0.0
867 1114 0.0 0.0
867 1115 0.0 0.0
867 1116 0.0 0.0
867 1117 0.0 0.0
867 1118 0.0 0.0
867 1119 0.0 0.0
867 1120 0.0 0.0
867 1121 0.0 0.0
867 1122 0.0 0.0
867 1123 0.0 0.0
867 1124 0.0 0.0
867 1125 0.0 0.0
867 1126 0.0 0.0
867 1127 0.0 0.0
867 1128 0.16335000000000002 0.08347434486116077
867 1129 0.0002 0.0002
867 1130 0.0 0.0
868 1099 0.0 0.0
868 1100 0.0 0.0
868 1101 0.0 0.0
868 1102 0.0 0.0
868 1103 0.0 0.0
868 1104 0.0 0.0
868 1105 0.0 0.0
868 1106 0.0 0.0
868 1107 0.0 0.0
868 1108 0.0 0.0
868 1109 0.0 0.0
868 1110 0.0 0.0
868 1111 0.0 0.0
868 1112 0.0 0.0
868 1113 0.0 0.0
868 1114 0.0 0.0
868 1115 0.0 0.0
868 1116 0.0 0.0
868 1117 0.0 0.0
868 1118 0.0 0.0
868 1119 0.0 0.0
868 1120 0.0 0.0
868 1121 0.0 0.0
868 1122 0.0 0.0
868 1123 0.0 0.0
868 1124 0.0 0.0
868 1125 0.0 0.0
868 1126 0.0 0.0
868 1127 0.0 0.0
868 1128 0.2662 0.12581773523633302
868 1129 0.0 0.0
868 1130 5e-05 5e-05
869 1099 0.0 0.0
869 1100 0.0 0.0
869 1101 0.0 0.0
869 1102 0.0 0.0
869 1103 0.0 0.0
869 1104 0.0 0.0
869 1105 0.0 0.0
869 1106 0.0 0.0
869 1107 0.0 0.0
869 1108 0.0 0.0
869 1109 0.0 0.0
869 1110 0.0 0.0
869 1111 0.0 0.0
869 1112 0.0 0.0
869 1113 0.0 0.0
869 1114 0.0 0.0
869 1115 0.0 0.0
869 1116 0.0 0.0
869 1117 0.0 0.0
869 1118 0.0 0.0
869 1119 0.0 0.0
869 1120 0.0 0.0
869 1121 0.0 0.0
869 1122 0.0 0.0
869 1123 0.0 0.0
869 1124 0.0 0.0
869 1125 0.0 0.0
869 1126 0.0 0.0
869 1127 0.0 0.0
869 1128 0.0 0.0
869 1129 0.0 0.0
869 1130 0.0 0.0
870 1099 0.0 0.0
870 1100 0.0 0.0
870 1101 0.0 0.0
870 1102 0.0 0.0
870 1103 0.0 0.0
870 1104 0.0 0.0
870 1105 0.0 0.0
870 1106 0.0 0.0
870 1107 0.0 0.0
870 1108 0.0 0.0
870 1109 0.0 0.0
870 1110 0.0 0.0
870 1111 0.0 0.0
870 1112 0.0 0.0
870 1113 0.0 0.0
870 1114 0.0 0.0
870 1115 0.0 0.0
870 1116 0.0 0.0
870 1117 0.0 0.0
870 1118 0.0 0.0
870 1119 0.0 0.0
870 1120 0.0 0.0
870 1121 0.0 0.0
870 1122 0.0 0.0
870 1123 0.0 0.0
870 1124 0.0 0.0
870 1125 0.0 0.0
870 1126 0.0 0.0
870 1127 0.0 0.0
870 1128 0.0 0.0
870 1129 0.0 0.0
870 1130 0.0 0.0
