# sela selb Avg-corr Err
835 1099 -0.01531223052450579 0.035303141955602316
835 1100 -0.009174526936799671 0.036996828243104976
835 1101 -0.00890536889532903 0.043962834516761536
835 1102 0.008216955254686426 0.07502663860419768
835 1103 -0.07850749930951137 0.07874109556469283
835 1104 -0.1382907371466504 0.08273371261907339
835 1105 -0.11191181871560847 0.09058882398216692
835 1106 -0.121978429006435 0.07803688637949015
835 1107 -0.1128764939865706 0.058285738750292436
835 1108 -0.01851982269429357 0.08127194631937429
835 1109 -0.02184501031617824 0.12833938151755644
835 1110 -0.04988150222711547 0.10857328110994793
835 1111 -0.059617071519585216 0.10269628641506441
835 1112 -0.09600066099205404 0.07485477896109867
835 1113 -0.10828521560330659 0.08869870218644273
835 1114 -0.11411732198856746 0.08488585279500781
835 1115 -0.0507141276250412 0.11783728479102572
835 1116 -0.03698508484857305 0.0895143466242806
835 1117 -0.03014233843253251 0.08633463162660236
835 1118 -0.05176309853985299 0.09908995848754883
835 1119 -0.038440703474763305 0.0828618848884853
835 1120 -0.03675181267399848 0.09027737698621076
835 1121 -0.0205431448438817 0.07673683179736264
835 1122 -0.026759137338177863 0.07386030000076702
835 1123 -0.04000496276759734 0.08133054740754175
835 1124 -0.035482786811197695 0.076019804300222
835 1125 -0.02111232624899858 0.07165747134553262
835 1126 -0.02787630430494948 0.07031359949533694
835 1127 -0.013637859578529083 0.06547024790614787
835 1128 -0.007707230156276413 0.05926781150367404
835 1129 -0.006497226101359976 0.054650307307513885
835 1130 -0.003057378699169577 0.054570583823543545
836 1099 -0.0315898785859591 0.06476976693784554
836 1100 -0.025885657532354955 0.06015926030583194
836 1101 -0.024055264601305137 0.06481395963234794
836 1102 0.0037307519406567457 0.09403007932118584
836 1103 -0.06684208583222503 0.08488726705129672
836 1104 -0.12700928204720352 0.08600461786044394
836 1105 -0.09079499410287473 0.09304460414248705
836 1106 -0.0932387333919786 0.07489963823178487
836 1107 -0.08192600293407898 0.057009011664845885
836 1108 -0.010678767284285278 0.07158043953281834
836 1109 0.00046209117627311056 0.11326699055634189
836 1110 -0.032200831246521004 0.10429029476500258
836 1111 -0.03642409289347683 0.10252982818934607
836 1112 -0.07554171684721264 0.07358027275378605
836 1113 -0.08560613575014499 0.09042431033856417
836 1114 -0.0843686696149255 0.09155144842059731
836 1115 -0.03007935933621868 0.11907936377276597
836 1116 -0.025269582099895847 0.09213100349136902
836 1117 -0.01861171336276949 0.08447912853352715
836 1118 -0.028274804992181497 0.09508028574628531
836 1119 -0.021410902786748683 0.07273711555857439
836 1120 -0.015393107270726281 0.0834214314130255
836 1121 -0.006421458481551101 0.0770332531009797
836 1122 -0.010869175098820271 0.07433635610193921
836 1123 -0.015301148792868823 0.07686739479461785
836 1124 -0.008305085872022878 0.07343435519316807
836 1125 0.005722227858080314 0.07061742093753565
836 1126 0.0041791579835879335 0.06646417041616058
836 1127 0.01802568681978019 0.06394819726955477
836 1128 0.01964770835215863 0.06245744604233346
836 1129 0.019203158100280154 0.055565638859368445
836 1130 0.016026024480712647 0.05330993227875869
837 1099 -0.0075032159800482055 0.0464021101087396
837 1100 -0.0003869694953650887 0.04503525130920717
837 1101 -0.002673902357624186 0.05409953106413832
837 1102 0.023188468439339482 0.0849892013934685
837 1103 -0.050548564499220607 0.08191736679595635
837 1104 -0.11943387209488514 0.07998379151067032
837 1105 -0.07939715987254743 0.08829973083594171
837 1106 -0.08831240972520168 0.07036189833329595
837 1107 -0.08387272953760677 0.04643427865063731
837 1108 0.010501943210788418 0.06210750236191766
837 1109 0.017965644995739313 0.10879519704057963
837 1110 -0.01422225646850667 0.09817011365762225
837 1111 -0.02324282523831444 0.09218930405971724
837 1112 -0.061031161558890545 0.05838511047328268
837 1113 -0.07413982893026609 0.07305483742187961
837 1114 -0.06994107499564566 0.08136589985312169
837 1115 -0.014725078184269125 0.1106925331039964
837 1116 -0.010406533885093832 0.08374424529910697
837 1117 -0.004050506118239256 0.07663510644394712
837 1118 -0.019241260545941018 0.08661665484661787
837 1119 -0.008398754574133476 0.0631941258446255
837 1120 0.0013692054909983042 0.08133396538980961
837 1121 0.012604707097225448 0.07027179877166563
837 1122 0.00208479478074326 0.07027380899071162
837 1123 -0.0035385921276806843 0.07577833845610374
837 1124 0.0014998536274370977 0.07254865804422798
837 1125 0.01697036030340257 0.06665678604968225
837 1126 0.014506949665068974 0.06494741137724686
837 1127 0.021711764141045024 0.06462031534996764
837 1128 0.023753520698251145 0.06162514575386121
837 1129 0.03189679005001028 0.05752208844637895
837 1130 0.027686240978025113 0.05397333851308637
838 1099 0.021912434859747015 0.03285617654824845
838 1100 0.020807140524726393 0.03340893636799458
838 1101 0.01524383822171157 0.04118089947666316
838 1102 0.04346904732151084 0.07533033850981788
838 1103 -0.025125578956468265 0.0750525625852656
838 1104 -0.09943944256014506 0.07820960612628261
838 1105 -0.062000865070410825 0.08575449861048187
838 1106 -0.07406113997074612 0.06731450242965877
838 1107 -0.060024973768735536 0.044730701036547256
838 1108 0.05131126258881243 0.0552514473512304
838 1109 0.044239523058244794 0.1013916177927084
838 1110 0.007930400313086375 0.0884220643904055
838 1111 -0.004656263752521925 0.0790738127996526
838 1112 -0.043617953482072216 0.04729569376993112
838 1113 -0.05927359253526774 0.06057980488573471
838 1114 -0.0612247760249515 0.0650208301487221
838 1115 -0.008536989132026907 0.09673226723274658
838 1116 -0.008111608854718112 0.07147456614294236
838 1117 0.0026480190712621643 0.06569380209257321
838 1118 -0.009740908882676563 0.07700030052351371
838 1119 0.0015474536812993046 0.05761628704334963
838 1120 0.017509016058888993 0.07485046509915042
838 1121 0.02986454189980898 0.06781108886341004
838 1122 0.015510631997526548 0.06807458504081959
838 1123 0.005915719469362346 0.07156819024335714
838 1124 0.00929271110353611 0.06887348772215528
838 1125 0.022482220212177238 0.062473866580811485
838 1126 0.017689305009249444 0.06030027207034429
838 1127 0.024275736031677188 0.0614318482456714
838 1128 0.027252466011309307 0.05724556777869887
838 1129 0.03654650337700953 0.050600014801468716
838 1130 0.036495219085607426 0.04821979947581733
839 1099 0.04036997401616399 0.04125521467817685
839 1100 0.029458534669779747 0.03462029145197894
839 1101 0.025709137597171944 0.04181595296324937
839 1102 0.0651054613049645 0.0720698295419282
839 1103 0.002255879281002715 0.07201699524748664
839 1104 -0.07765278439296548 0.08137022465403786
839 1105 -0.03380556479759609 0.09436652188772104
839 1106 -0.04878925122291537 0.07180375380171983
839 1107 -0.03374149260627227 0.0486977054944916
839 1108 0.07444867003369697 0.056392353127709675
839 1109 0.0557506894978804 0.09248673804986797
839 1110 0.02581386896710893 0.07739202001302722
839 1111 0.017588276971545608 0.06844768328341641
839 1112 -0.029058256258754706 0.04489229147609691
839 1113 -0.04952083499420902 0.061604272683813764
839 1114 -0.0482898592488684 0.06843735627796574
839 1115 0.0015922585949895596 0.10333549806915601
839 1116 -0.000746650076036659 0.08049728057147328
839 1117 0.012982168324879556 0.07372886291942392
839 1118 0.004558962566366964 0.08438741741352453
839 1119 0.019060817681255133 0.05969861042174417
839 1120 0.03779372807174382 0.07409101075381973
839 1121 0.0502515528456155 0.06800391411693059
839 1122 0.03415626681075351 0.06984321742002034
839 1123 0.02799380136652586 0.07372972069733354
839 1124 0.03223051654704267 0.07078978079489978
839 1125 0.043315169844821394 0.06627391783345915
839 1126 0.03850040269261543 0.06440495152814794
839 1127 0.046726952688749115 0.06552513889483129
839 1128 0.049702266848878754 0.0659480775513612
839 1129 0.05672686691580384 0.056320390324681
839 1130 0.056323280728134195 0.05339468524859106
840 1099 0.03497852188800967 0.05618187816788438
840 1100 0.024242981996871794 0.046106359630142764
840 1101 0.023997922708842136 0.05430343033384685
840 1102 0.06540886976403382 0.08078435822054349
840 1103 0.0019772677648111194 0.07911024442899696
840 1104 -0.0551342916280345 0.08157966301632597
840 1105 -0.008195681506390462 0.09708130163652978
840 1106 -0.01670199226227277 0.07559364673802811
840 1107 -0.02095452542032421 0.045991432557382764
840 1108 0.060912641132683895 0.055055623972063976
840 1109 0.04597457153755012 0.08559713770570128
840 1110 0.0163420228572986 0.07600589842112009
840 1111 0.012258934479592249 0.06751024501875111
840 1112 -0.0386471145379916 0.03849440900490365
840 1113 -0.047320832669271215 0.06240663549356046
840 1114 -0.04218989508862731 0.07817724018730024
840 1115 0.010291267985208097 0.10921936401834155
840 1116 0.013927200672852197 0.08927216910278166
840 1117 0.026143184540795356 0.07968961163848415
840 1118 0.022804541485780046 0.08697181465158758
840 1119 0.03915019226491835 0.05979689492917513
840 1120 0.054733039763817715 0.08066007771650345
840 1121 0.06900864587763968 0.07205025121603938
840 1122 0.05437007981227556 0.07381850976649915
840 1123 0.05271585041662621 0.07947027095975705
840 1124 0.05693660612959437 0.07687025765035532
840 1125 0.0692246940640819 0.07192671520995422
840 1126 0.0706482925276101 0.0703107692849374
840 1127 0.07650870052569352 0.07118908518072602
840 1128 0.07275827510908364 0.07433302628990297
840 1129 0.08596163161858687 0.06587755466519357
840 1130 0.08217988851027361 0.05969632923221938
841 1099 0.061501174829837545 0.04682900347093154
841 1100 0.058415964824266274 0.0425566854317428
841 1101 0.04821440411232837 0.04839384020648247
841 1102 0.07734251368650855 0.08158532926797431
841 1103 0.022341259594484388 0.08251851290685362
841 1104 -0.04692130507739326 0.08824612724678825
841 1105 -0.007447438872476975 0.10186033086589998
841 1106 -0.020503802545491077 0.0812001752995607
841 1107 -0.02147346917166234 0.05443820661302901
841 1108 0.08075015762430365 0.05063546221963264
841 1109 0.07003778839958341 0.08162806815676714
841 1110 0.04517129861798332 0.07448870499075694
841 1111 0.02655146270034996 0.06533534201111248
841 1112 -0.028363397093387255 0.031942834707707694
841 1113 -0.037393728279862336 0.05352983422937601
841 1114 -0.028200291512992914 0.06709920871359484
841 1115 0.01606181597487097 0.09213158945631836
841 1116 0.0030182934144805775 0.07295331601254187
841 1117 0.019566813216071195 0.06536254452300048
841 1118 0.015086729895725242 0.07370972345524816
841 1119 0.03316084811918689 0.06018660692597928
841 1120 0.0629643717956585 0.08316684483602962
841 1121 0.07636779439230017 0.07454538068022813
841 1122 0.05926684262524323 0.07354395645687248
841 1123 0.05311307872101094 0.07686017261946197
841 1124 0.05692026773014305 0.07405823295706236
841 1125 0.06803603786089563 0.06777237326634325
841 1126 0.06425406990268809 0.06640688027723408
841 1127 0.06740175422096965 0.06830121574921216
841 1128 0.06543920639897804 0.06997125764128688
841 1129 0.07873069393820639 0.0581788604457567
841 1130 0.0807950553422725 0.05030623390498282
842 1099 0.10727680197157044 0.04758045571090937
842 1100 0.09827021121685384 0.04509227601833283
842 1101 0.0826442589909739 0.05353826342518792
842 1102 0.11247786754516258 0.06860255746363865
842 1103 0.0875817445961142 0.07329746594888314
842 1104 0.012815689745126141 0.09288895065688067
842 1105 0.0493734757097533 0.11061371323356313
842 1106 0.022494460406962423 0.08589508437653345
842 1107 0.026777100856783743 0.06274386840478918
842 1108 0.1400887719056625 0.045257531051019796
842 1109 0.11772465589268291 0.05144685227501174
842 1110 0.09645221890038673 0.05398593429661446
842 1111 0.07960561149886691 0.04602871434762161
842 1112 0.03605950130936133 0.018451091865606953
842 1113 0.020785594728262205 0.039912179058781694
842 1114 0.025685463716926177 0.05129258880903858
842 1115 0.05094852176392535 0.07274285842969729
842 1116 0.02734469245771074 0.05905828808708715
842 1117 0.05338120353238955 0.054786149004798355
842 1118 0.0452173585265066 0.06387168108382339
842 1119 0.06385114601746966 0.054124021845688416
842 1120 0.10927014749969233 0.07553432126017906
842 1121 0.11956302812436562 0.0755200764061429
842 1122 0.0938899371682352 0.07623863398701351
842 1123 0.0891087104257777 0.07589363314190294
842 1124 0.09141795945060142 0.07178430582206773
842 1125 0.09526360522619415 0.06846071084828333
842 1126 0.08480791495888679 0.06720791063007361
842 1127 0.08262655056582953 0.07115182846953248
842 1128 0.0811833052105411 0.07146250053430055
842 1129 0.08833463890412514 0.052492893621222274
842 1130 0.0943840561236999 0.044834036645873494
843 1099 0.11096012295321715 0.056098473841119066
843 1100 0.09136504290337452 0.04333768382248171
843 1101 0.08717162086297277 0.05125000682847467
843 1102 0.14253509765503095 0.07113982410363372
843 1103 0.11438294322591176 0.07848775196697975
843 1104 0.06671209319165898 0.08920829489070745
843 1105 0.09424055939366852 0.11745263915060247
843 1106 0.0801918339185961 0.0879540963555222
843 1107 0.06559629969075123 0.061740534209827856
843 1108 0.13820731561076913 0.05006543246094926
843 1109 0.10300573227885705 0.03320908523079284
843 1110 0.07938212984643445 0.03542684012564069
843 1111 0.08619698825021252 0.03362659972856833
843 1112 0.049388810378317737 0.02010998800531579
843 1113 0.03586949552409092 0.0479024424137515
843 1114 0.019155978367159508 0.059697794990357905
843 1115 0.04808068346393561 0.08191157358161463
843 1116 0.036215427129474065 0.0727693989330675
843 1117 0.06383186613483909 0.06749254707111527
843 1118 0.06487608119472417 0.07442650768010542
843 1119 0.08953111753815758 0.05706696667653184
843 1120 0.14329132461971156 0.07226556466178148
843 1121 0.1516928410753144 0.07567122550454662
843 1122 0.12655245459181627 0.07924052435414104
843 1123 0.12622481286296267 0.07926869002778955
843 1124 0.12485868351430192 0.07416332793354279
843 1125 0.12958997647512668 0.07383874244369566
843 1126 0.12864105870100911 0.07352907457135635
843 1127 0.1263715085859428 0.07826251640517855
843 1128 0.11547879201682723 0.08825819030771409
843 1129 0.12489097252953751 0.06418636822061491
843 1130 0.12783004802447545 0.050580799251869625
844 1099 0.09386385901948754 0.06903385013441238
844 1100 0.0774068335658565 0.05444856377696427
844 1101 0.0745789860341548 0.060829867371411675
844 1102 0.12095621257312625 0.09182778811805296
844 1103 0.08057096883010831 0.09710397153395815
844 1104 0.03022250706077518 0.10270705962976001
844 1105 0.0524619218147062 0.13240953277476697
844 1106 0.04612364527628312 0.10558028951146606
844 1107 0.038222036482776243 0.06998715904792943
844 1108 0.11413528834624823 0.05769894271647973
844 1109 0.07434144347471412 0.05054931974236249
844 1110 0.055604707275983836 0.054838333076970745
844 1111 0.07423718572462917 0.0484993538383934
844 1112 0.02802933189883191 0.019082296935283717
844 1113 0.0062806197687853725 0.05256695184008938
844 1114 -0.006415250232755315 0.06748041226011128
844 1115 0.03225073280116867 0.0920125853714997
844 1116 0.02069108316561629 0.08140063503298413
844 1117 0.042754585657838975 0.07302327553661227
844 1118 0.04500113440442689 0.08332776675429757
844 1119 0.06835195177235606 0.060637775064684506
844 1120 0.12194241667736053 0.0765830796665087
844 1121 0.14389703022175107 0.07718734238912664
844 1122 0.12321737294377769 0.08358036328482532
844 1123 0.1189804636910475 0.08494819303657838
844 1124 0.12168735531434663 0.08033109994427613
844 1125 0.12947348335534953 0.08172859944153409
844 1126 0.1274123624815382 0.0816127325535261
844 1127 0.1278316612200184 0.08634562075171628
844 1128 0.12054044579261916 0.10122922855528192
844 1129 0.13581828631545792 0.07897369673492532
844 1130 0.13465064742546243 0.06173361206878708
845 1099 0.17241555965706484 0.06854837482030528
845 1100 0.17112269368942806 0.0685010246883292
845 1101 0.1387160538208301 0.08307176611596905
845 1102 0.16578048858822825 0.09499479647945931
845 1103 0.1427465824285746 0.09145895756945031
845 1104 0.06048789011447422 0.10975676208017636
845 1105 0.08906071558246509 0.13188119258571188
845 1106 0.07312981393061298 0.10416994137382184
845 1107 0.0729157400391584 0.07096913441883669
845 1108 0.19445557875979133 0.039401209482519836
845 1109 0.15691583560727884 0.040441377206693184
845 1110 0.15372402378297684 0.0607538939527324
845 1111 0.13873481543253505 0.04873939812490692
845 1112 0.09774282352865539 0.01393517327288678
845 1113 0.07657944947132035 0.03468325325877954
845 1114 0.08559437321310251 0.05575766142062801
845 1115 0.11618436852843214 0.07022441753216581
845 1116 0.06526116918405624 0.05941584364486416
845 1117 0.09464603562425246 0.057360377158411906
845 1118 0.09810955832349992 0.06894167766600132
845 1119 0.09979942164089405 0.06183166281847755
845 1120 0.17500883926722458 0.07998130030382047
845 1121 0.189958512667453 0.08330267249167102
845 1122 0.1647677113831328 0.08578175910990345
845 1123 0.15497920050099206 0.08427070988763588
845 1124 0.15575403518570757 0.08273255179487972
845 1125 0.15782176928630332 0.0845327299529735
845 1126 0.13591082972041493 0.08060636871072643
845 1127 0.12766015551863175 0.08259420783344597
845 1128 0.12675070523336437 0.08886379106785586
845 1129 0.13798331755539403 0.06841418479491591
845 1130 0.1348852817697257 0.057290044090302555
846 1099 0.257468431720676 0.08036654733999489
846 1100 0.21785643580501043 0.07905005721910831
846 1101 0.2060345115411107 0.09529379199926304
846 1102 0.28366809965755785 0.0841252710677824
846 1103 0.2675870262625416 0.08884505736605287
846 1104 0.20055461006311118 0.12816891997753455
846 1105 0.21390206506372406 0.1365529302377274
846 1106 0.21629386507802542 0.1068008908706987
846 1107 0.19870966024328857 0.08445075824908098
846 1108 0.2801260005046795 0.06105643061640476
846 1109 0.2274932611073434 0.05637419899078299
846 1110 0.2159272630763454 0.06159007023269304
846 1111 0.21404014111387687 0.06146705238752016
846 1112 0.19829379770096314 0.059972897090471225
846 1113 0.19770444550814292 0.058045505797065425
846 1114 0.18912596873729726 0.06278930876960877
846 1115 0.2033711759463916 0.07229177743262441
846 1116 0.1672443043105148 0.06806274995232339
846 1117 0.21839324119256487 0.07115664023785542
846 1118 0.22774945580423958 0.07327459987813778
846 1119 0.2239549347888857 0.07788963150209047
846 1120 0.3091500116949368 0.08427423172770172
846 1121 0.31986262416129796 0.09593551003872519
846 1122 0.28611569112902774 0.09464178628985842
846 1123 0.27935192568782896 0.09005120382851022
846 1124 0.2687234083493335 0.0873882034032653
846 1125 0.26534561178707455 0.09297807538824321
846 1126 0.24510397995678276 0.08899951562002897
846 1127 0.2265616902959029 0.08642317823131943
846 1128 0.2130281225629517 0.08901090442553715
846 1129 0.2222947276884021 0.07096246044075155
846 1130 0.2178944804003778 0.06544631197881762
847 1099 0.2342312694473753 0.0653978391035743
847 1100 0.17384632997854052 0.05039340536700228
847 1101 0.19332397043709387 0.06091963495255512
847 1102 0.2938059419039928 0.06011024793230185
847 1103 0.2524013236325987 0.07018494751696701
847 1104 0.20018170135589167 0.11274705477284222
847 1105 0.20570199930725988 0.13169386214939452
847 1106 0.2207964229430292 0.10739388487518044
847 1107 0.2071580107032677 0.0821891129807732
847 1108 0.24513368868855273 0.057659811660546546
847 1109 0.19159524340953193 0.04410924504463056
847 1110 0.16713093732420561 0.028134780868257225
847 1111 0.21386853685557425 0.04523058305186668
847 1112 0.19790420084981514 0.06660544755107112
847 1113 0.18762159839692477 0.06988654778598759
847 1114 0.17421800526612408 0.05576482657123061
847 1115 0.19058790759451527 0.06403543831602182
847 1116 0.18655750558115208 0.0733693933597251
847 1117 0.2292258228855509 0.0740911884723147
847 1118 0.24153795520526705 0.07759328898595066
847 1119 0.24648743835206868 0.07423961395905804
847 1120 0.3185626605911183 0.07248617247965315
847 1121 0.3391571608867176 0.08641103696800907
847 1122 0.30296974126758747 0.08755369639485455
847 1123 0.30306592292527834 0.08225331357319095
847 1124 0.29367708430714534 0.07889763234473601
847 1125 0.2882304407978288 0.08475182366503198
847 1126 0.283259985401028 0.0865854832078241
847 1127 0.26949454943356393 0.08756679121634857
847 1128 0.24889704417069405 0.09493544392008293
847 1129 0.25537861460550226 0.06978189939982349
847 1130 0.2418544841480604 0.06031905102739382
848 1099 0.25930351083811976 0.04991393996357448
848 1100 0.225627079591504 0.0345939442213134
848 1101 0.21462559209559834 0.04585808388031614
848 1102 0.2765279646612421 0.06129709544307688
848 1103 0.2213963878116128 0.050953512074979515
848 1104 0.14783514794943636 0.1005194267851348
848 1105 0.1450513067555819 0.12396845382555277
848 1106 0.15527836374964088 0.10422976848344256
848 1107 0.15454702237382947 0.06623205506441601
848 1108 0.23460995790170722 0.031375832243947153
848 1109 0.18947471334445976 0.03029196852662733
848 1110 0.1670917481742104 0.02364588016956786
848 1111 0.2088645575181421 0.03488947630525764
848 1112 0.20412838149100665 0.03642625822879742
848 1113 0.19525441548582873 0.043011103833503234
848 1114 0.1818509747945744 0.036830990644495486
848 1115 0.2035852518590809 0.051911402912296886
848 1116 0.18763716036913589 0.053997496141261085
848 1117 0.22666921702860887 0.05147839130945786
848 1118 0.2378408049408308 0.06356187179907449
848 1119 0.23447948492205756 0.06593178403895553
848 1120 0.3222666611235819 0.06958340101479714
848 1121 0.3530284896077031 0.0844281659833026
848 1122 0.3121673733361859 0.08564535279804855
848 1123 0.3063788244521218 0.07889211129267427
848 1124 0.30408463725366863 0.07735126618751349
848 1125 0.2914809486709924 0.08399810067125217
848 1126 0.2775670736291673 0.08583544727252115
848 1127 0.26821098708614655 0.0858277983701569
848 1128 0.24624262646203396 0.08743841632731518
848 1129 0.2488656914268475 0.06565009374086728
848 1130 0.22857420336029347 0.05791285418323304
849 1099 0.31065044653428386 0.0690588087577511
849 1100 0.27680476743471294 0.06363853896618661
849 1101 0.25505499637839946 0.08338607098235849
849 1102 0.3172231515656783 0.07551839944315737
849 1103 0.2898080771116712 0.07108195338434686
849 1104 0.20489659357327578 0.12695964824924633
849 1105 0.2019113517679459 0.13385356186124803
849 1106 0.2050112866835015 0.11041066515841527
849 1107 0.1985917142087409 0.0891560669670859
849 1108 0.2997955357784244 0.060640692080505966
849 1109 0.2629233246052484 0.0625141292439744
849 1110 0.2482873931216676 0.05413513922110828
849 1111 0.24653985626209537 0.05875365664647569
849 1112 0.24358922362396968 0.0594145574455024
849 1113 0.24802860187048653 0.05338348344807117
849 1114 0.25173793216372997 0.04621135653326273
849 1115 0.2580039514487677 0.06292583268955078
849 1116 0.21542396287702745 0.06689341171069108
849 1117 0.2733380521710332 0.06578861520441881
849 1118 0.28491337535853695 0.07306891211700997
849 1119 0.27590200954164856 0.08082685965927519
849 1120 0.3840688516761972 0.08540045951917928
849 1121 0.403356581874037 0.09997389681604267
849 1122 0.3616882190202336 0.09639085821081485
849 1123 0.349029208357336 0.08889634352561994
849 1124 0.33964297564943235 0.08824365683469641
849 1125 0.3252383644082376 0.09520705038024829
849 1126 0.2975770536012822 0.0922850680945487
849 1127 0.2817994862782197 0.08614294285570231
849 1128 0.25957165307014207 0.07865742586608292
849 1129 0.25458814317624534 0.06764826083683557
849 1130 0.24430222184124836 0.06522923472327577
850 1099 0.3118912476746793 0.06368010420302565
850 1100 0.25363872623816874 0.05802045833078614
850 1101 0.2544444769919453 0.06891064479428596
850 1102 0.34206961345739895 0.0636741347779854
850 1103 0.3220195342904173 0.0786027638783082
850 1104 0.2472901647490887 0.12972970294518404
850 1105 0.25977959962496117 0.13479828040145697
850 1106 0.2660473463770461 0.11752639519418336
850 1107 0.2431055825188453 0.10334803697399624
850 1108 0.3177951066106349 0.07753115704479101
850 1109 0.2758939480798535 0.07549650201943237
850 1110 0.2616563288482867 0.05448596532262036
850 1111 0.27764798435582877 0.07130423734452492
850 1112 0.26690429898911544 0.08436370057798773
850 1113 0.2671961063416973 0.08147074560662167
850 1114 0.2802478797038808 0.04658376909544536
850 1115 0.2711511469032125 0.055186751168475524
850 1116 0.2627204870359384 0.06392810217223448
850 1117 0.3219204096581951 0.06968954157262491
850 1118 0.33971909835695324 0.0688386821309308
850 1119 0.3395245295536574 0.07865000271861729
850 1120 0.394923406777364 0.0853902959248439
850 1121 0.4211522895047402 0.09191472529655273
850 1122 0.377081412682677 0.0874159830989255
850 1123 0.3686466284868386 0.08382977493915977
850 1124 0.35533315739542154 0.08289072933613642
850 1125 0.3427904496885021 0.0898494280366686
850 1126 0.3228940758178616 0.09266923829366873
850 1127 0.3060905271426383 0.08866858863589358
850 1128 0.2894407592349054 0.08141650300750859
850 1129 0.27481196908651156 0.06491878199107784
850 1130 0.25139997808820225 0.07138942805303555
851 1099 0.33012925261361203 0.049132215570615735
851 1100 0.262746972786735 0.03502184336157461
851 1101 0.2602128586792204 0.049932633324219385
851 1102 0.34243596050836683 0.04094228898098494
851 1103 0.31767765265198183 0.06589787387573678
851 1104 0.2516917242297175 0.09814564560737814
851 1105 0.2540164276489069 0.1136988911535612
851 1106 0.2627388096139608 0.09943328321702552
851 1107 0.233761927582327 0.08235484430918137
851 1108 0.28771635087179387 0.0526457937596853
851 1109 0.2353004511311308 0.052997551660646125
851 1110 0.22508687533219182 0.04308059424134795
851 1111 0.2686451160359213 0.05369476805973359
851 1112 0.2684520983313554 0.06908705061412589
851 1113 0.2716741028345183 0.06136499992465386
851 1114 0.27243987944602244 0.024672947076236806
851 1115 0.2565563489695048 0.03080954142666106
851 1116 0.27065368882340224 0.045205143392419427
851 1117 0.30966645601982 0.05505204914696676
851 1118 0.33275341779630907 0.050011248495833834
851 1119 0.33456402628609194 0.05924948595549392
851 1120 0.3893302932439083 0.07053209351580567
851 1121 0.42801793082493217 0.08233275145059792
851 1122 0.38344180065743905 0.07532944445108453
851 1123 0.37517376058041735 0.07092632172325301
851 1124 0.3681414994084413 0.07257067329319569
851 1125 0.35679988393727274 0.07857382765276962
851 1126 0.3402212308017395 0.08167842549699403
851 1127 0.32663274500902817 0.08144256908363769
851 1128 0.3161032682253004 0.07785070280927739
851 1129 0.29714506993331835 0.05407526304752846
851 1130 0.26188060970525445 0.060785912428588905
852 1099 0.39346318658387114 0.04694397363390727
852 1100 0.31405189542250156 0.043141206603873536
852 1101 0.30848806224888525 0.05504623494821056
852 1102 0.39280416775913746 0.04142867295979459
852 1103 0.37350424569064133 0.07805873187751959
852 1104 0.33297301875160856 0.10377968746685974
852 1105 0.31460941940097287 0.11991968355825575
852 1106 0.3262950222246431 0.10160240349357606
852 1107 0.28214164951954224 0.1046202029493544
852 1108 0.30876003545164876 0.0786461167199386
852 1109 0.285105316621033 0.08274058347876821
852 1110 0.28463347494484403 0.07417250160397554
852 1111 0.29944667300321015 0.07695541904669848
852 1112 0.29314249474973486 0.07462470490648912
852 1113 0.311365414967653 0.06153326379061136
852 1114 0.32235539573784794 0.03764491593600336
852 1115 0.310354355660999 0.04270626880179643
852 1116 0.31928009394334267 0.03339714524576166
852 1117 0.34572090424647967 0.04657527761438739
852 1118 0.384551220923414 0.05229365273616196
852 1119 0.388346430331476 0.07326623708138576
852 1120 0.45050702153826877 0.0999476184904277
852 1121 0.49776981269712534 0.1139023044620202
852 1122 0.45628744753130557 0.10112770038633682
852 1123 0.4475311683370733 0.09293350055187326
852 1124 0.4442338475692772 0.09589208769611979
852 1125 0.4315257867139094 0.09682740740685254
852 1126 0.4026546993548231 0.09488804427863096
852 1127 0.3863934627506081 0.09120667952367001
852 1128 0.38289263458348916 0.08281603471561329
852 1129 0.36379770107567116 0.06546024608580704
852 1130 0.31259483958125533 0.07324167927257726
853 1099 0.4010960904625084 0.05448811228296387
853 1100 0.31466820732261797 0.060822446944068825
853 1101 0.3432134970973711 0.06378764560709516
853 1102 0.4203294504997085 0.06970585310751735
853 1103 0.3855705708186284 0.10032567428699288
853 1104 0.38149794514943547 0.1391089335743426
853 1105 0.37041417458683557 0.15062356451456477
853 1106 0.3827943649090158 0.1220685402117065
853 1107 0.34280601621557916 0.12604458268062646
853 1108 0.3278459009304279 0.08620664730513698
853 1109 0.3264899062447982 0.09296099992233141
853 1110 0.31857264307898575 0.07432617343819727
853 1111 0.3377386424214761 0.06875985585548552
853 1112 0.33599044547724644 0.07063472659284202
853 1113 0.35424023110409864 0.07216862871710919
853 1114 0.3416899886284857 0.054754272344212075
853 1115 0.3643361161663604 0.06785191985068746
853 1116 0.3579855697134523 0.05855654297813932
853 1117 0.38952944709992704 0.06692391297384102
853 1118 0.430922522500659 0.07217604375694492
853 1119 0.41725898788649385 0.09554134055320046
853 1120 0.4709393591754557 0.12104404450306329
853 1121 0.5144443066688185 0.1296509972367623
853 1122 0.47615845348610863 0.11372196270105554
853 1123 0.47134596169606746 0.10608230878087371
853 1124 0.46162760822820176 0.10885408312860055
853 1125 0.4518451498621004 0.10738820221164086
853 1126 0.42365818176288733 0.10259156936867261
853 1127 0.40075614501769563 0.09723246102801048
853 1128 0.39466911630401125 0.09028591697399155
853 1129 0.3814318969515983 0.07986350299786116
853 1130 0.32100020895709824 0.08208787466697501
854 1099 0.4128955417884283 0.040257298028526615
854 1100 0.3296078208495187 0.03494711118369242
854 1101 0.3311268880319552 0.04400752691411538
854 1102 0.3895815744021662 0.056348189028010365
854 1103 0.33225283053118615 0.08049821000477965
854 1104 0.31873978137789016 0.11375520965398998
854 1105 0.343903038032625 0.122401682596851
854 1106 0.34857390891092643 0.10158121970542133
854 1107 0.31400070007319086 0.09147275857772863
854 1108 0.3336250727490186 0.0708510708209393
854 1109 0.3007171223113406 0.07125371621841267
854 1110 0.2748023554888186 0.04187453065220487
854 1111 0.3209047082312681 0.053761680651461884
854 1112 0.34003011135763966 0.06965825438993362
854 1113 0.3556132144649841 0.0687531183787354
854 1114 0.3284404621525776 0.03515241337129523
854 1115 0.34950195188891015 0.03657251814109688
854 1116 0.36946955147435845 0.03874385038675438
854 1117 0.40476693302206074 0.05522387303304775
854 1118 0.4312217843962737 0.05201241294143848
854 1119 0.4203061022993785 0.0654033632328534
854 1120 0.44049019325854416 0.08923694070326907
854 1121 0.4753909960906958 0.09400855073578952
854 1122 0.438461661947779 0.07987211023577998
854 1123 0.43819480965540825 0.07716830617793849
854 1124 0.4245752181470617 0.08448303807432335
854 1125 0.4130813239324874 0.08803151037121941
854 1126 0.39725490415797393 0.08537328005024018
854 1127 0.3796809026311283 0.08236459765538341
854 1128 0.37780515895435124 0.07628292323991791
854 1129 0.35838190542949466 0.06801115419864844
854 1130 0.29923611521704835 0.08072020638604478
855 1099 0.46241515571669495 0.04937508102424182
855 1100 0.38018373870132727 0.049209574163332256
855 1101 0.35285269420917653 0.053477086634469026
855 1102 0.41449051887029353 0.044354925853294515
855 1103 0.3742645652594551 0.0681867875921471
855 1104 0.3381000715184867 0.10094476315475326
855 1105 0.3386526682125898 0.11968910468204381
855 1106 0.33720016582263074 0.09816195547480458
855 1107 0.30338389109048636 0.0905639035890202
855 1108 0.3394444585679389 0.06232983309101485
855 1109 0.28596645122381537 0.05811544071567103
855 1110 0.2753519033745535 0.04981636510592831
855 1111 0.30052896125032225 0.055344742575279236
855 1112 0.3066984996319758 0.06174429931170969
855 1113 0.3434005018967098 0.04860560384503974
855 1114 0.34511616657276767 0.015811060271772766
855 1115 0.3500930139274871 0.02208562046305111
855 1116 0.37580446641577947 0.023969615976187793
855 1117 0.41248056219844614 0.04423093628066286
855 1118 0.4355023532129313 0.031971801580152434
855 1119 0.43054997275397583 0.05083436650255814
855 1120 0.47099330517940163 0.07199309398743055
855 1121 0.5137932650416275 0.0839334244079403
855 1122 0.473955681489473 0.07081104472943811
855 1123 0.4695300858815997 0.06505433318258605
855 1124 0.4643519492886595 0.07345997036421112
855 1125 0.4499226310404055 0.082637813470724
855 1126 0.42339520356026217 0.07578197951905061
855 1127 0.410070588330692 0.07134907400533752
855 1128 0.41483398985730363 0.06922602981089256
855 1129 0.39995582566075794 0.056196249155404
855 1130 0.3384490461728813 0.07283565303846413
856 1099 0.46881598499709387 0.04282294669129814
856 1100 0.37472715553403046 0.04845433375601966
856 1101 0.3724770781572336 0.05038569339567432
856 1102 0.4400114467093319 0.04970932061685238
856 1103 0.3953057073496247 0.08847863942049648
856 1104 0.3870780419349059 0.1133861725031437
856 1105 0.36032695790240393 0.13131620395555518
856 1106 0.3770774847165238 0.10931276020573494
856 1107 0.33732018937601876 0.11106893522977908
856 1108 0.32997743751174996 0.07905615986786123
856 1109 0.30154153373407455 0.08569752242765795
856 1110 0.30504456724652856 0.07067234483368585
856 1111 0.313342643691761 0.06758343845290195
856 1112 0.3100453337581591 0.06502530793629273
856 1113 0.3548840103825128 0.0532626379907871
856 1114 0.36143376738981015 0.03324493841645682
856 1115 0.38216979183540245 0.04347328324311564
856 1116 0.3852583146119861 0.030425320795808647
856 1117 0.42755710959855475 0.04255716192209101
856 1118 0.47966174311684445 0.04606810159033382
856 1119 0.47767147182216957 0.07291076217790357
856 1120 0.5329026119936779 0.09277080317490292
856 1121 0.5845781473479885 0.10442858165994029
856 1122 0.5496611798939085 0.0904833837865806
856 1123 0.5483484030508257 0.08460557625833723
856 1124 0.5455389355192806 0.09099265106531755
856 1125 0.5327979548539148 0.09397594095546076
856 1126 0.5010838954960859 0.08707178743346983
856 1127 0.48284353801289104 0.08043944855366664
856 1128 0.476287415180927 0.07711691814842828
856 1129 0.46582789727894625 0.06492934879772204
856 1130 0.4033513608741952 0.07214367398342038
857 1099 0.48440199146240825 0.04455476258678529
857 1100 0.3718778367635562 0.04147910995101168
857 1101 0.3572485662997637 0.04734994326606684
857 1102 0.41500181326242236 0.06456394385111973
857 1103 0.3687788659637175 0.09493078563147007
857 1104 0.3686760406169042 0.11388132509614009
857 1105 0.37246244096947445 0.129066833453675
857 1106 0.38274203793355144 0.10841111301082021
857 1107 0.3474863623828311 0.10649931790114674
857 1108 0.35089895113244235 0.06933857394184992
857 1109 0.34106692213455925 0.07780236091657852
857 1110 0.3311706696632489 0.055507638295991146
857 1111 0.35600867056175467 0.054008066798895166
857 1112 0.3487816717636516 0.06228922522891071
857 1113 0.3702381535781163 0.05418002098230688
857 1114 0.35319847884306554 0.037725480157237305
857 1115 0.3856627027378585 0.04889289215499855
857 1116 0.3855555267592732 0.03778073733735931
857 1117 0.4338783694718882 0.044977668137716774
857 1118 0.47949543914953335 0.054806058165679336
857 1119 0.4946824446429117 0.07342095292643495
857 1120 0.5307871756272955 0.09652872764899019
857 1121 0.5780482026511581 0.10383555431045598
857 1122 0.554788811335912 0.0847608067259832
857 1123 0.5577624427536202 0.08339131584544378
857 1124 0.546569873836454 0.09438482804130263
857 1125 0.5413049227720224 0.09215653690130418
857 1126 0.5173470980255012 0.08542761057341298
857 1127 0.4956197718384737 0.0829545559128537
857 1128 0.4888628194129067 0.07914412946655218
857 1129 0.46395514590511 0.07098963870007123
857 1130 0.40164834836858504 0.0754814632184034
858 1099 0.4731217309953788 0.0396582753383546
858 1100 0.3460903832569736 0.046671702590762414
858 1101 0.3302059627666297 0.05715548444504599
858 1102 0.3826307093921037 0.07146370595269026
858 1103 0.34450774857760613 0.09074584004176059
858 1104 0.31344941161676576 0.10189049913518626
858 1105 0.33760418169237205 0.11633677477433997
858 1106 0.3426845791354861 0.09522206040644818
858 1107 0.3200219341602251 0.09228437357629896
858 1108 0.3332768787613768 0.0642666610019765
858 1109 0.30403786681175005 0.06384709610980405
858 1110 0.29781201090463744 0.05085457255483886
858 1111 0.3130129809257989 0.044033015651559745
858 1112 0.2973775896736996 0.04283228542909143
858 1113 0.3262389875999137 0.03734884854069345
858 1114 0.3164844699906339 0.017124826684077353
858 1115 0.3513918277364426 0.027884122367395524
858 1116 0.3528926118636603 0.01611627062578994
858 1117 0.3931754637612111 0.030108433295703348
858 1118 0.430949200756033 0.026870436852547735
858 1119 0.4310742769754272 0.04690879396124868
858 1120 0.47432226052490556 0.07826289965717817
858 1121 0.5252137008361366 0.08394644157978745
858 1122 0.49343745035895126 0.0705923634488088
858 1123 0.49702394441914066 0.06891922572487344
858 1124 0.4969171162575198 0.08230141200639349
858 1125 0.48757093546356745 0.0857458346796992
858 1126 0.460686202591862 0.07388632953353716
858 1127 0.45036761223820687 0.07245931064055444
858 1128 0.46301299615803393 0.07320059175689968
858 1129 0.44220917062049325 0.0666770212294807
858 1130 0.37922816743114524 0.07636762938399508
859 1099 0.485869488199541 0.054113299745404346
859 1100 0.3779843231529813 0.0693668943179452
859 1101 0.3716900970410678 0.06519282883540677
859 1102 0.41980814405042893 0.0720277018725707
859 1103 0.373356580818813 0.09013674720959204
859 1104 0.34075377680201824 0.10045049882948257
859 1105 0.3388456933720469 0.11097888881009181
859 1106 0.3586339078286172 0.08422413816032803
859 1107 0.32136623615538285 0.09002520835834638
859 1108 0.30029307156225693 0.06928419285311149
859 1109 0.2594609724679383 0.08188500811536759
859 1110 0.27630128876891524 0.08203656568970243
859 1111 0.26196701059532296 0.07353695060183472
859 1112 0.24190282414135908 0.06168292807699692
859 1113 0.3091179210621965 0.046965865268608804
859 1114 0.32505133827407034 0.03478084120939338
859 1115 0.3705907139622978 0.039228192827218
859 1116 0.3583924114742206 0.031948245468115186
859 1117 0.3969774642116467 0.04645860064764491
859 1118 0.43865779239052377 0.03785900772951478
859 1119 0.4233244871228085 0.06294780244906635
859 1120 0.46202843103163316 0.06846210038784047
859 1121 0.5175857649346389 0.07923461238577342
859 1122 0.49872892854590756 0.06823210627743458
859 1123 0.5102794293136349 0.06524392801243241
859 1124 0.5183938053863162 0.07619288408968183
859 1125 0.5087552214920404 0.08306572166333863
859 1126 0.4798867224028771 0.06804037387296637
859 1127 0.4711093006507565 0.06012814611421331
859 1128 0.4819596534517941 0.06986850318175873
859 1129 0.48978735881752067 0.0612990567482162
859 1130 0.4331954609576929 0.06731169222927516
860 1099 0.4810246666263381 0.03253719351809989
860 1100 0.37162698898319446 0.04946013428000995
860 1101 0.37007179022494935 0.041850998011174104
860 1102 0.41441071339728114 0.04761705885920312
860 1103 0.3690964723088953 0.08280221246710275
860 1104 0.3495470179856639 0.09534569382936409
860 1105 0.3401931517484204 0.11173008980931926
860 1106 0.36603062055128904 0.08593303334213588
860 1107 0.33327637218488537 0.0959477963260848
860 1108 0.30272798616831315 0.07095288064572738
860 1109 0.2772794909166055 0.08819243029669169
860 1110 0.28725402812362183 0.07134498220822008
860 1111 0.2873926959053753 0.0669747242888114
860 1112 0.2730575139382671 0.06338525564459016
860 1113 0.32259047583360845 0.0461001255634556
860 1114 0.3154397931108869 0.047368464823813364
860 1115 0.36290126191781263 0.059532143570284766
860 1116 0.34499795085236296 0.047406432815417905
860 1117 0.40045366961759976 0.05159870694444266
860 1118 0.44759339039009804 0.05221635430185617
860 1119 0.4534421803274176 0.07141534936550972
860 1120 0.49244887715225694 0.08333910577959808
860 1121 0.5422729525282546 0.09387016319056542
860 1122 0.5408857455618368 0.07811648076625154
860 1123 0.5642758496372385 0.07356668203795236
860 1124 0.5748015138785825 0.08633358572486358
860 1125 0.5712368780094749 0.08528467292106212
860 1126 0.5484974014813668 0.06972243573894367
860 1127 0.5382986005200265 0.06636513476183438
860 1128 0.5446436355001579 0.07615653432784956
860 1129 0.5526377613327749 0.06109407002756601
860 1130 0.5050143617886467 0.05270572136253902
861 1099 0.48202338921841104 0.020288135904316294
861 1100 0.36665056621475944 0.040213768850991066
861 1101 0.36095848321619395 0.04393285028262355
861 1102 0.398393256522223 0.06432426395540068
861 1103 0.3610108156848866 0.0935475949722981
861 1104 0.32109031084344525 0.10239614612249517
861 1105 0.34352320921432244 0.10680146513581465
861 1106 0.3543903609939426 0.08446509573319601
861 1107 0.3496759124121172 0.08798803846474176
861 1108 0.33939731697092324 0.06998969722770525
861 1109 0.317981216715534 0.08165760576622104
861 1110 0.33089831618512805 0.07313416649593994
861 1111 0.33814261403457835 0.06851182132055202
861 1112 0.3045300400066259 0.05377113294913746
861 1113 0.34074965571073046 0.036558248362984616
861 1114 0.31695819077570786 0.04357643121700044
861 1115 0.36077978231948254 0.04972484490217942
861 1116 0.33946210106667296 0.037916649656798286
861 1117 0.3943785800397005 0.03803806373829382
861 1118 0.43398167622844175 0.03995364781055281
861 1119 0.44182505958890506 0.06081398510064684
861 1120 0.46728100216024737 0.07727577736219857
861 1121 0.5179695112419394 0.08541609080990367
861 1122 0.5175384379302177 0.06825676144950671
861 1123 0.5427823185807997 0.06345517275527195
861 1124 0.5554715435400256 0.07813119328758543
861 1125 0.550200369701132 0.07830698525856591
861 1126 0.5263980889409825 0.06200426350493366
861 1127 0.5256030826835534 0.059650002490634374
861 1128 0.5425643349013872 0.0705310544324948
861 1129 0.5365527011344071 0.05750658704179845
861 1130 0.4835935242503101 0.05133575664916382
862 1099 0.4346757242368181 0.04625036695984882
862 1100 0.3283490765750009 0.07401615262177484
862 1101 0.3283288575433686 0.07215306162296453
862 1102 0.36435700042870167 0.07767768859800138
862 1103 0.32075676475245063 0.09594432081813392
862 1104 0.2572539825497201 0.10558766319920485
862 1105 0.2770458385985666 0.1128973351864673
862 1106 0.2739074289231804 0.08956105534603634
862 1107 0.28305431329188024 0.08899548921824159
862 1108 0.29447950610568185 0.07390292176662537
862 1109 0.256607501930629 0.06825785683182331
862 1110 0.30485999303059824 0.06543374859757686
862 1111 0.29554190519109735 0.05391056653696318
862 1112 0.2534288513810953 0.04450655005633145
862 1113 0.30336815522424754 0.034774326456979254
862 1114 0.31605305574962117 0.019667764413059438
862 1115 0.36270343354943174 0.02587923387518489
862 1116 0.33901440076777517 0.033216443825374045
862 1117 0.3731629142149263 0.03691302964384314
862 1118 0.3938891352403956 0.03275351122880233
862 1119 0.37712212448209353 0.044591387976038774
862 1120 0.3822428919387034 0.05596999051287933
862 1121 0.43802621650912066 0.0691638067382235
862 1122 0.4345557577655133 0.05580854674738062
862 1123 0.46175473328702327 0.048348707187216906
862 1124 0.4766988112042442 0.06332799627523227
862 1125 0.46514483088658365 0.06742259332288238
862 1126 0.4337177922761861 0.053467681370115566
862 1127 0.4382995118260589 0.05479161936863319
862 1128 0.4772732299190211 0.0604598807964299
862 1129 0.4943665020702981 0.04954320717507786
862 1130 0.4306615416614332 0.05424461537416464
863 1099 0.38488692204751385 0.016242574251086345
863 1100 0.2839481685773518 0.04487842333394747
863 1101 0.29051164798148654 0.03127843381405371
863 1102 0.3343409987076556 0.04480839945403546
863 1103 0.2967399991311447 0.07085962340418278
863 1104 0.2520347148318981 0.07480900917134269
863 1105 0.24269039580009308 0.09494894732465842
863 1106 0.26893279355137956 0.07124998920534387
863 1107 0.24845740274871533 0.0906762562944028
863 1108 0.20413063577747298 0.0486936021600404
863 1109 0.18875606762164182 0.059108046857423956
863 1110 0.21732343414050465 0.05128092291982889
863 1111 0.2052757510911317 0.04891781549619271
863 1112 0.16200004838752652 0.030580532819977496
863 1113 0.21620340969949217 0.028733034059916358
863 1114 0.21461416966822822 0.03855944012274709
863 1115 0.2651212978513371 0.0472555367519763
863 1116 0.23831462429140213 0.04184102198158756
863 1117 0.3051630672683828 0.02953079974509099
863 1118 0.33232287596447146 0.026349334055313398
863 1119 0.3559540183954539 0.052254032335844504
863 1120 0.38477338442531905 0.03522606275003707
863 1121 0.4274124855790208 0.05483636605924895
863 1122 0.43753477216111686 0.04433787332118842
863 1123 0.47169344830870924 0.0405752793173157
863 1124 0.4909803414090216 0.05639309103354096
863 1125 0.47903424863141064 0.05291473555132471
863 1126 0.4614430501100917 0.0361950692743257
863 1127 0.4716476699989456 0.0473652061991497
863 1128 0.49255709594986674 0.06821729396511898
863 1129 0.5277064047088121 0.0410324046672817
863 1130 0.4886691516529991 0.019467187023332555
864 1099 0.41774823224666235 0.01997680911602577
864 1100 0.3167745440165578 0.02268386646570951
864 1101 0.31766334271935637 0.016875835662953077
864 1102 0.34861486692321597 0.039944823728783344
864 1103 0.32543567115952915 0.076382950292861
864 1104 0.272882290429247 0.07409181370210892
864 1105 0.2877679133000038 0.09248629286522884
864 1106 0.31450586032907374 0.0730283470867998
864 1107 0.2933054822115922 0.08678084867145247
864 1108 0.2724260594047526 0.05230580937683536
864 1109 0.23513172773897276 0.07623170588450931
864 1110 0.2581888202857018 0.06797557209673012
864 1111 0.24025758396505648 0.06577091562844417
864 1112 0.20927093972620625 0.05720663347037568
864 1113 0.2551543672236094 0.04061962623498397
864 1114 0.2534545746361082 0.04880012863971768
864 1115 0.3165284029560991 0.05130530099895555
864 1116 0.27511867743290147 0.046949994885194975
864 1117 0.33710760683327934 0.03133619183092519
864 1118 0.3789931412944279 0.03752341489214942
864 1119 0.39727795312934017 0.0546249076842717
864 1120 0.4287166989809778 0.04856296468719125
864 1121 0.4688024100839871 0.06217795105100754
864 1122 0.4800969118944611 0.04875178078320016
864 1123 0.5192249580223964 0.04685531972694862
864 1124 0.5368922971233063 0.06467965506013296
864 1125 0.5235017765832805 0.06549710710911145
864 1126 0.5071888133413589 0.045156408153632116
864 1127 0.5164477824267121 0.04674732169127497
864 1128 0.5385667563257874 0.07149727120146049
864 1129 0.557783731198934 0.05324026743831731
864 1130 0.5174604648394716 0.02820756543236235
865 1099 0.41877418140387623 0.018787120371129697
865 1100 0.31648173784835343 0.04441434595173593
865 1101 0.32873872170110163 0.041547466576827945
865 1102 0.34556971666110686 0.05664900037155433
865 1103 0.32887167448447063 0.08294838730914221
865 1104 0.2915839645907793 0.07561861574251921
865 1105 0.29772553979550753 0.07494266992668402
865 1106 0.29543354707653774 0.06679436298045777
865 1107 0.2727450579342315 0.07935037750288196
865 1108 0.22879184122889518 0.05060423011370106
865 1109 0.17903285488581108 0.07992871880032126
865 1110 0.22136663332602952 0.08227049377630469
865 1111 0.20662531183974603 0.07201622348936909
865 1112 0.17482940021298546 0.05781824158687344
865 1113 0.22764018920056092 0.04460043629100789
865 1114 0.2223615749421452 0.05610288029677893
865 1115 0.2770173067869422 0.06250853685639324
865 1116 0.23818056136280888 0.061257152057581137
865 1117 0.29807170496695135 0.03549386077314106
865 1118 0.3234064884725924 0.04794500448685133
865 1119 0.3516526575087728 0.053647162279372086
865 1120 0.39311094926917056 0.05101126379896654
865 1121 0.43975161454368095 0.06192084035638206
865 1122 0.4389692417545664 0.05056453183201055
865 1123 0.4645104221362814 0.05576634172622092
865 1124 0.4856407469370225 0.06838824525734662
865 1125 0.47060771681291236 0.07315709191930009
865 1126 0.45215850669477 0.061011881726486694
865 1127 0.46387654200805606 0.05607870126020262
865 1128 0.48330153363063166 0.07116905476996518
865 1129 0.5042547055750477 0.06295886635713467
865 1130 0.4680469159523854 0.05051282177366784
866 1099 0.3558233605965597 0.022662132406213432
866 1100 0.25941532781354576 0.03529621947595768
866 1101 0.2730218769032944 0.0331230115908928
866 1102 0.2937983517981887 0.057447092011456466
866 1103 0.2901131186350267 0.075390070890073
866 1104 0.2637186786641411 0.07165214042093829
866 1105 0.2711354252860364 0.07274552341608191
866 1106 0.2739746912156932 0.07060995323457155
866 1107 0.23045722660809526 0.08276578474217944
866 1108 0.15549703970735856 0.05485343477678406
866 1109 0.13826629925862016 0.08375090829760364
866 1110 0.17051584926489902 0.08246947348237685
866 1111 0.1520625102681266 0.08078511047000028
866 1112 0.11518728249553592 0.07167931614681534
866 1113 0.17147964187245152 0.05732209406796106
866 1114 0.14923034970133336 0.08297751162087216
866 1115 0.2068467297625368 0.08238575298373929
866 1116 0.18122758637343472 0.07643006264621441
866 1117 0.25060435583736207 0.044844781703053144
866 1118 0.278031643604161 0.05382012551484586
866 1119 0.3312909478873275 0.06523715278372354
866 1120 0.3496012453581833 0.06103361151697688
866 1121 0.39490940367678956 0.06174742040571846
866 1122 0.3999355299430077 0.04862786136247302
866 1123 0.42343230777215385 0.05584408732892882
866 1124 0.4431939651673725 0.0660612629886367
866 1125 0.4273921850877199 0.06926743367905322
866 1126 0.42134532705663597 0.05470783762089189
866 1127 0.4448030476474611 0.046296236329722226
866 1128 0.4545828724479441 0.06738075103188683
866 1129 0.4706378141315734 0.06281014358518505
866 1130 0.44555009701805676 0.03546175437810067
867 1099 0.3393082139209822 0.016489763290575013
867 1100 0.23743052801804607 0.025135949407151102
867 1101 0.26383382943346223 0.022069729631050937
867 1102 0.3021261860531409 0.04744878080706314
867 1103 0.29179945724396544 0.06759896061780557
867 1104 0.26265394317735635 0.07186318179824741
867 1105 0.26307241036792306 0.08017758700909905
867 1106 0.26924210401830173 0.07117610031733375
867 1107 0.23886943066816788 0.08337265863148302
867 1108 0.16322553117906238 0.05253246516339238
867 1109 0.14356994228137387 0.08740609098080587
867 1110 0.17318767871492552 0.08498083982637485
867 1111 0.15436589072813897 0.08726013232151897
867 1112 0.09853934918035787 0.06822162990549989
867 1113 0.16780977876197606 0.052029801914225814
867 1114 0.16524490778552614 0.07152800914479907
867 1115 0.23386461089069135 0.072275488022465
867 1116 0.20031690067353666 0.06780063549958995
867 1117 0.2713651831228737 0.03245446607670122
867 1118 0.30899888813458504 0.0446897791040801
867 1119 0.3442670350463038 0.05628744839059389
867 1120 0.3730298177294604 0.04571357665944906
867 1121 0.4184565534687562 0.05303604142965302
867 1122 0.4419570073120546 0.043210381786054304
867 1123 0.48135177336705565 0.04388858996836894
867 1124 0.495835907735532 0.055801925632072806
867 1125 0.48101729931624143 0.06061091062339244
867 1126 0.4807430256836394 0.04321245663604628
867 1127 0.5070838547967543 0.03767740389719197
867 1128 0.5157869753732875 0.06286407319890042
867 1129 0.5305762156904423 0.05679228454232235
867 1130 0.5064371447018541 0.02070304165206394
868 1099 0.36620363129794126 0.01345151462184254
868 1100 0.25048050016810136 0.03362734407769889
868 1101 0.27892285010626666 0.02527283640472166
868 1102 0.2985313510854981 0.04714542284767801
868 1103 0.27806170967442945 0.062211792323173164
868 1104 0.27732988111156687 0.06355494079566334
868 1105 0.27487005281390653 0.0677972491478926
868 1106 0.2643288926693116 0.06802254402626232
868 1107 0.25257421428567806 0.07605461487643785
868 1108 0.17152269897098454 0.03973642303519611
868 1109 0.12674971356583747 0.07492171569784181
868 1110 0.15377176956708755 0.06860108956766509
868 1111 0.13663640380247843 0.07055652154573012
868 1112 0.08786840035973328 0.05216865828775934
868 1113 0.15823880701437992 0.03995732376221918
868 1114 0.15618318127014355 0.057065358783554475
868 1115 0.2294816033354093 0.06823163713732079
868 1116 0.1963086545920481 0.0717752619502199
868 1117 0.2542921702481861 0.038756792991327935
868 1118 0.2854829538179414 0.04734728495041258
868 1119 0.31381096583219326 0.0497415363240623
868 1120 0.37587318092513144 0.0387098183436812
868 1121 0.4199530706732852 0.05049344395849287
868 1122 0.43798092515416326 0.039697255769771525
868 1123 0.4754879534748942 0.04269052719651845
868 1124 0.49157964062655635 0.05658074379213575
868 1125 0.4769540802532354 0.06034974364900623
868 1126 0.4716659714621426 0.04399188330318339
868 1127 0.48999443904007495 0.04351696161824147
868 1128 0.5004267427219842 0.06907268916851549
868 1129 0.5228244741401743 0.058661185276239126
868 1130 0.4990131366387772 0.021331936404524472
869 1099 0.339344641360074 0.027345879266042553
869 1100 0.23735279121821903 0.04318029957420961
869 1101 0.2540827414632604 0.031991777069961286
869 1102 0.27068671167275743 0.047852195155974
869 1103 0.2588703920831179 0.05040074942871022
869 1104 0.2592455886792768 0.05491002257106271
869 1105 0.24707498640325198 0.05386070866741415
869 1106 0.21328861082477793 0.07109801719165605
869 1107 0.19429429634539847 0.08250191227214713
869 1108 0.13030715652651217 0.04611299099175302
869 1109 0.08762121159784407 0.08154562568881037
869 1110 0.1119592997096605 0.06656771804743311
869 1111 0.09957353323068041 0.06569821004457704
869 1112 0.06124046020923266 0.056969512390469976
869 1113 0.13610438937852193 0.04284429343566373
869 1114 0.1087681947765817 0.05281957028292523
869 1115 0.18059298349826586 0.06616675822745692
869 1116 0.15856491391970368 0.06661228731631119
869 1117 0.21196274700521292 0.03399959223752724
869 1118 0.23085853594170275 0.04266917280453695
869 1119 0.26787301181051965 0.04716940051436854
869 1120 0.3196030993575786 0.04496462503809043
869 1121 0.36332687456329216 0.05560271098046256
869 1122 0.3777563635698898 0.04345180584820047
869 1123 0.40539050230156687 0.04450838769325447
869 1124 0.4227353740448064 0.05753725468271014
869 1125 0.41397753543957566 0.060901928503231686
869 1126 0.4093290956387577 0.04741479021904138
869 1127 0.4294569808910157 0.04857792704652091
869 1128 0.4485193466162837 0.06915652492383093
869 1129 0.46828704558636913 0.060172812385668205
869 1130 0.44651837000402705 0.028441075617285226
870 1099 0.2937778535599691 0.029275909109077927
870 1100 0.2001768937355179 0.03923743008369406
870 1101 0.2396813347710045 0.04099620192880464
870 1102 0.24684806265746354 0.05640979028486091
870 1103 0.2359863539346873 0.05295950562518732
870 1104 0.24501065214641154 0.05685057907805678
870 1105 0.23138563402034648 0.05733996764948635
870 1106 0.19188858676086928 0.07899376504222534
870 1107 0.17757100365000794 0.08429972426887913
870 1108 0.09914465271022649 0.03629707818792415
870 1109 0.06706885056019987 0.06635336793151737
870 1110 0.08939770360496385 0.06245540903372842
870 1111 0.06332870802473387 0.06770361314770049
870 1112 0.012536939204859775 0.055845144691669735
870 1113 0.09208468135109613 0.04918003877836183
870 1114 0.06647410746178205 0.06217240214943161
870 1115 0.1563211246975446 0.08151826259165976
870 1116 0.1267987519891723 0.08487110043041067
870 1117 0.16518924576554597 0.03911948147189104
870 1118 0.19092550261801428 0.05135130066090884
870 1119 0.22716554182258383 0.04854340299185987
870 1120 0.2949544636769628 0.04604319917758319
870 1121 0.3384762004659549 0.05863445709544048
870 1122 0.347246639294285 0.04715935616685689
870 1123 0.36547488932799715 0.05035037158745569
870 1124 0.38136033011237874 0.0613414063693644
870 1125 0.37588277799415903 0.06432836966404987
870 1126 0.36980980586604334 0.05123262548273278
870 1127 0.38801727638185246 0.05034122274573636
870 1128 0.4045845063009608 0.06820986416329783
870 1129 0.42378556092132263 0.06184301497150707
870 1130 0.40027295346450503 0.02873349645387315
