# sela selb Avg-corr Err
1099 32 -0.08631489759458358 0.08240808445107446
1099 33 -0.04604156751998983 0.09827899972675895
1099 34 -0.04127501972628413 0.0851470757435209
1099 35 -0.03633016031867903 0.11275965300193909
1099 36 -0.01585469706820542 0.09791630497240468
1099 37 0.06652170507372841 0.04787707695730785
1099 38 0.058817766226502755 0.04176783110744364
1099 39 0.002666686323482631 0.06310520403267884
1099 40 -0.0835979351273713 0.056664708716781635
1099 41 -0.04036937906431093 0.050427937792645136
1099 42 -0.05708732397107215 0.11500872629563756
1100 32 -0.11877398107062927 0.08396742876133498
1100 33 -0.06210155325225889 0.09670798304208657
1100 34 -0.05549178840908022 0.08290967407324351
1100 35 -0.05414940638919452 0.11316788428157652
1100 36 -0.050450517869746345 0.10201025945484504
1100 37 0.04668334236885985 0.047690700662591366
1100 38 0.03974536082710962 0.03371956733694612
1100 39 -0.000978826545399623 0.04649003596463587
1100 40 -0.08423785461738209 0.04839059898389046
1100 41 -0.04813313704641643 0.045238443392477276
1100 42 -0.05954370111338734 0.10704689871193146
1101 32 -0.10052643859128543 0.08308355825149721
1101 33 -0.06396838450028615 0.10041605590749167
1101 34 -0.11047379569554243 0.09380335798500467
1101 35 -0.11316490946320616 0.1113413484553175
1101 36 -0.0962072746238937 0.081522578925643
1101 37 0.04366315052500115 0.029751666737624086
1101 38 0.05722540171392809 0.04856567834646358
1101 39 0.010932923028573805 0.03992833680376418
1101 40 -0.06069673564977831 0.05851059702777535
1101 41 -0.03168168209580693 0.04176696526621767
1101 42 -0.046751133746331094 0.1068443755875968
1102 32 -0.09003851657159626 0.0938641192139545
1102 33 -0.038954479255640634 0.11119020597190953
1102 34 -0.057045638377418315 0.11124397600442883
1102 35 -0.08411242572146119 0.12517015810726453
1102 36 -0.1588836683742952 0.07723856360476854
1102 37 0.038431784760806456 0.0360265699399854
1102 38 0.08426923913875625 0.06775885983146174
1102 39 -0.03161668516571692 0.08566227988630704
1102 40 -0.04831022178092356 0.0928367213695113
1102 41 -0.027002697526317863 0.06360168729975116
1102 42 -0.03962899529415832 0.1098352534316894
1103 32 -0.08509867086055636 0.10982796698573108
1103 33 -0.06855284081862716 0.12999188610744322
1103 34 -0.027990891427382803 0.1168435782232838
1103 35 -0.05281514199946402 0.12749628255265588
1103 36 -0.12968432339451225 0.07158168679080099
1103 37 0.05396899180321957 0.05517276153525337
1103 38 0.0853713551765812 0.0894172392624104
1103 39 0.012948357591964863 0.09234905321923687
1103 40 -0.027392556502252176 0.11172216946052044
1103 41 -0.07681617240953906 0.06411155717647597
1103 42 -0.06943317518735093 0.10327035254075574
1104 32 -0.00029416472641600187 0.1406221670253296
1104 33 0.00940650460635371 0.1458661169582503
1104 34 0.02879786064088402 0.12592213434804575
1104 35 0.02771816122677582 0.14408739741617455
1104 36 0.048959719860473705 0.12770856572445596
1104 37 0.1063299288511885 0.08023963980026715
1104 38 0.11845956552399883 0.06030617554892538
1104 39 0.08940912788914115 0.0730728878019758
1104 40 0.06742068551087661 0.10946646380421322
1104 41 0.02737537311921881 0.099931446838393
1104 42 -0.029148406162138617 0.09338424109439586
1105 32 0.008648442824832346 0.11921998953688112
1105 33 0.03704509088331476 0.1359830490308184
1105 34 0.069510151562487 0.12018983989600483
1105 35 0.08686968401464398 0.13533591118052707
1105 36 0.09832070204783436 0.10220183239010719
1105 37 0.12419290530852631 0.0892639498820155
1105 38 0.08273668351457933 0.06425563645695122
1105 39 0.03514810465369438 0.11244629857951424
1105 40 0.03010338100818058 0.13080558284883895
1105 41 0.020449138933855388 0.11556937300699507
1105 42 0.0018877273502597657 0.07576596544266945
1106 32 -0.029828109830714135 0.11611499854965122
1106 33 -0.007962774604648648 0.1289453880456549
1106 34 0.06452996633126415 0.1074931677861549
1106 35 0.08248780273480495 0.11242145949060195
1106 36 0.10583507979452147 0.07945144461894052
1106 37 0.0798535872976983 0.07959218583823306
1106 38 0.07543268697656923 0.0725427412783094
1106 39 0.01783765795045133 0.1099481759414451
1106 40 -0.01985718549173136 0.12320896872245996
1106 41 -0.0405125041633974 0.11195131587100127
1106 42 -0.0017482334083766926 0.07086551660291908
1107 32 -0.07678694836278481 0.12392380543592395
1107 33 -0.03624059375137033 0.13083406319133517
1107 34 0.02457169959047471 0.1079671726391629
1107 35 0.05931949004503623 0.11693618369475689
1107 36 0.11040707845832017 0.08886053972022527
1107 37 0.06934950732107026 0.08388587723717393
1107 38 0.031171729510468975 0.07660220776842919
1107 39 -0.10396248289153479 0.10126202861614125
1107 40 -0.130808788114244 0.12312736957984792
1107 41 -0.07771019531168301 0.08902219689446964
1107 42 0.02363119281913953 0.07704351990021512
1108 32 -0.060863371690563065 0.12112496139311943
1108 33 -0.031838629314095354 0.14852646256159177
1108 34 0.04050007434368506 0.10402880613871755
1108 35 0.08069046180152055 0.1190035816371392
1108 36 0.11969545071784334 0.09610977419626826
1108 37 0.06744017799315273 0.07065111447024386
1108 38 0.07673742489981213 0.049806163537746355
1108 39 -0.06565325678594154 0.08210111290717119
1108 40 -0.09156679302882528 0.10482160922694679
1108 41 -0.06843080125451874 0.08209267948533869
1108 42 -0.01673271768194199 0.054877946137319805
1109 32 -0.10987375598283404 0.12862392288473892
1109 33 -0.11120433628194722 0.1324546208427838
1109 34 -0.06260427851923658 0.0679770004674227
1109 35 -0.01331312243866351 0.10435283916136281
1109 36 0.08825268313727228 0.09739651811939329
1109 37 0.05375789722169718 0.0724333928772001
1109 38 0.06627327329760241 0.054337956319021316
1109 39 -0.0813048889279769 0.08892460613670797
1109 40 -0.0882350526279235 0.10349625236432623
1109 41 -0.10325105365490735 0.09704092968618264
1109 42 -0.03136909748317807 0.07094932937173329
1110 32 -0.11404655438345598 0.11926942583109329
1110 33 -0.12035425976872342 0.1243914341830013
1110 34 -0.07578312092279145 0.07539777947190816
1110 35 -0.026431579272217953 0.11147200021944059
1110 36 0.056155584021520155 0.11613205887048272
1110 37 0.08338717924977804 0.07114660905631243
1110 38 0.10827364853624297 0.06574660669302995
1110 39 -0.01742838933536708 0.09971271772027432
1110 40 -0.0664705574622714 0.10262021374490958
1110 41 -0.08440488706414576 0.047349567996913144
1110 42 -0.09514033852604795 0.08714598961431233
1111 32 -0.16251799236557626 0.10943090574860478
1111 33 -0.12850053201874684 0.11509620278191812
1111 34 -0.05672517578531412 0.07384417032750405
1111 35 -0.020238290883263614 0.09960975244341366
1111 36 0.041492144735179336 0.09052889031334468
1111 37 0.06610161618075965 0.06646951053674933
1111 38 0.0725503646469172 0.054170455587978165
1111 39 -0.06525274720480159 0.0968360664788182
1111 40 -0.10105219201335376 0.08991319473436192
1111 41 -0.12149650901489614 0.03957630506146119
1111 42 -0.0874873068593191 0.06051704049381739
1112 32 -0.17355015903909 0.11909512982211366
1112 33 -0.1064399493238795 0.11675821606901363
1112 34 0.032871649503854794 0.07978836576859305
1112 35 0.07412494367464387 0.09263719490995735
1112 36 0.09202477457636285 0.059133283373345204
1112 37 -0.004304665018660081 0.10203953673397287
1112 38 0.010542826096940416 0.038504391878795875
1112 39 -0.10159612265820935 0.06816898230578457
1112 40 -0.15975242273094267 0.03966621181786558
1112 41 -0.20277330978487607 0.05771905224103857
1112 42 -0.1063284248957529 0.046287404917649766
1113 32 -0.08938570495868214 0.12547446063309
1113 33 -0.05408889004703539 0.12565432435464666
1113 34 0.04202878976214674 0.0738175133300617
1113 35 0.06052009888499961 0.08394293988996565
1113 36 0.10368029574917911 0.055048389090258096
1113 37 0.0003010106816848879 0.08783078725958952
1113 38 -0.011896323820962212 0.03823296244693612
1113 39 -0.06695146606682718 0.052241396878864
1113 40 -0.12108038647474031 0.03522636297806309
1113 41 -0.15668214094018768 0.06657728835468467
1113 42 -0.08638967310802782 0.0542077452261393
1114 32 -0.034906278983784865 0.06782385298856262
1114 33 -0.020292745206501282 0.10320668289872076
1114 34 0.05432374174140066 0.08725387825087137
1114 35 0.011705415700681681 0.0935668146807088
1114 36 0.00580369577364221 0.06533850210974766
1114 37 -0.005222476141047908 0.04096068048317853
1114 38 -0.03340386693334989 0.04187702816691513
1114 39 -0.10766526360180177 0.07785819255604753
1114 40 -0.1690378823297495 0.0784699072523154
1114 41 -0.13739089761798398 0.06650628780071408
1114 42 -0.12526435836355668 0.04799490913098999
1115 32 0.05060746479844962 0.09171210670298431
1115 33 0.030050911052536794 0.10311719700460274
1115 34 0.03782869255674947 0.07586887039221385
1115 35 -0.01858527050286963 0.0966620132476833
1115 36 -0.03040707321692431 0.07696004472232505
1115 37 -0.034121126552660294 0.01874357725976259
1115 38 -0.0501997229497622 0.04168420875218709
1115 39 -0.13567144440308068 0.05368746221987476
1115 40 -0.17898140317632522 0.0594569684560058
1115 41 -0.103080560250462 0.06413154490663983
1115 42 -0.07399906300205784 0.04289995832290526
1116 32 0.07549377988514543 0.08050211019673242
1116 33 0.0687325656798516 0.10268920177970925
1116 34 0.03532374641833751 0.08729938840226346
1116 35 -0.013968361421004133 0.1080325119705473
1116 36 -0.014086713365487374 0.09476335889859004
1116 37 -0.036824512661308255 0.050687065481914005
1116 38 -0.06338381316231462 0.03668300418688986
1116 39 -0.14187430878276014 0.04525045610211182
1116 40 -0.1624568724656263 0.04206580923224856
1116 41 -0.09026537255450373 0.0518795671122128
1116 42 -0.0663169429599611 0.06524018985952977
1117 32 0.06846033128132778 0.08159787297016786
1117 33 0.08633414228331729 0.09766412200973335
1117 34 0.026250323959298265 0.04411949352511918
1117 35 -0.011392783258316228 0.07342905929522646
1117 36 -0.0074389384927545914 0.07579361046506984
1117 37 -0.01668870006885939 0.061402276274808695
1117 38 -0.0332956243298886 0.026652706583030587
1117 39 -0.11215057074811119 0.05134554908925719
1117 40 -0.0958593615794492 0.03254465417144842
1117 41 -0.02893680266233824 0.056928090693710943
1117 42 -0.0550936647482662 0.057241869215348566
1118 32 0.027929325296900932 0.09056364591554235
1118 33 0.017550189571622944 0.09531257070917998
1118 34 0.021525056222741513 0.0443842865170604
1118 35 -0.011201970435941705 0.06532288570276315
1118 36 0.0067710235194612944 0.07240696941365339
1118 37 -0.026818435114654288 0.024044224447156416
1118 38 -0.02140600247631373 0.0378187343675465
1118 39 -0.08551884939684307 0.05019890533619693
1118 40 -0.08402274887295388 0.04622532025206548
1118 41 -0.02827316881731993 0.07084117006948229
1118 42 -0.029422150155076755 0.025658093049507637
1119 32 -0.04754897057737638 0.08161118470950406
1119 33 -0.039213301671551556 0.09791890057440795
1119 34 -0.02652663264623451 0.03358633075491745
1119 35 -0.024027041585140484 0.048304997484685294
1119 36 0.03803719018782341 0.036998322172174955
1119 37 0.033175206374534534 0.044690009970580126
1119 38 0.04689592963329632 0.05031301075817705
1119 39 -0.014215299214462998 0.05804589424087861
1119 40 -0.02263737871483871 0.05300430294018328
1119 41 -0.03744800880098674 0.05813469942979442
1119 42 -0.056052279887711845 0.021737554828481002
1120 32 -0.0719889276453787 0.0764060047328525
1120 33 -0.04565437917272063 0.08794422632190904
1120 34 -0.011827682572171334 0.04206441067683852
1120 35 -0.026514720587181916 0.02874426121873454
1120 36 0.021542409245489023 0.01643605734715911
1120 37 0.03885691292005936 0.06757848709168256
1120 38 0.040695822153165175 0.07832928075826427
1120 39 0.003125367836722094 0.056647300467886984
1120 40 -0.025355839566946543 0.06197952465298678
1120 41 0.0005265464731289595 0.06858072613382134
1120 42 -0.010637525314551834 0.0607434918806282
1121 32 -0.06078894922135743 0.06918165689004181
1121 33 -0.054050765067771435 0.07390505202906333
1121 34 -0.0289247475984101 0.04336876633764972
1121 35 -0.04307677963706134 0.03278664496980986
1121 36 0.012136535021928919 0.02272838828141948
1121 37 0.06386531803809357 0.05187677161105836
1121 38 0.07602463243197023 0.07112936241184367
1121 39 0.04138709015249344 0.053976058457887575
1121 40 0.005807570095059961 0.0512217549120733
1121 41 0.023124931672295297 0.057236707994547324
1121 42 -0.009829705147214896 0.057792594571636144
1122 32 -0.027267785355696378 0.056703496880553615
1122 33 -0.03276370342262264 0.05786983238762839
1122 34 -0.003536321215700941 0.044922708479576745
1122 35 -0.011004071653573127 0.021952405198902326
1122 36 0.050890919264314716 0.012627933562256782
1122 37 0.0482585526793984 0.04641243535119567
1122 38 0.044444193016530964 0.07425992265164506
1122 39 0.01451552385456471 0.06239131692620016
1122 40 -0.010577869044047715 0.0622938360298366
1122 41 0.02720664842062644 0.049922743785705055
1122 42 -0.0019013384603744853 0.05282025610858783
1123 32 0.008368081338568745 0.06534005952519853
1123 33 -0.0031342122388927753 0.060742193450468114
1123 34 0.01466686423616996 0.04875494089698961
1123 35 -0.0038460199353133454 0.02441220751118659
1123 36 0.04732368646133685 0.033810157094323216
1123 37 0.04338786561525233 0.03891582224696988
1123 38 0.03203826050212601 0.08051833996739548
1123 39 -0.008388121518075605 0.07039397134181638
1123 40 -0.031067735236871008 0.07178459163297338
1123 41 0.010820185405052954 0.05458125500971586
1123 42 -0.02133816769373462 0.0425007450951212
1124 32 -0.004835768644008703 0.055667267268897466
1124 33 -0.02140169122827287 0.0495621242290972
1124 34 -0.008389496876605711 0.04248537997978293
1124 35 -0.032236778223864795 0.029971575097117446
1124 36 0.021774241506121776 0.0421350746446098
1124 37 0.040468826637426326 0.033487994021027756
1124 38 0.027275561827313454 0.07979428836546311
1124 39 -0.0076299893374296105 0.07255275356552769
1124 40 -0.03982072463717127 0.06833764585751781
1124 41 -0.0007834501175672859 0.05636272517112858
1124 42 -0.02880200922561619 0.04292814287096722
1125 32 -0.005244154498709919 0.05144753342532121
1125 33 -0.03802770884292613 0.045879059108985876
1125 34 -0.01398224297602271 0.04658650661577688
1125 35 -0.032459709177828915 0.019836011527237594
1125 36 0.020164993861334073 0.03925033158832457
1125 37 0.03955937930278676 0.03358288572818846
1125 38 0.025540887401252477 0.07518719673011955
1125 39 -0.02088123134249253 0.06509690223776977
1125 40 -0.05093864627580955 0.05887338545964111
1125 41 -0.004544585298778492 0.05321951497850661
1125 42 -0.02430448191359742 0.05323153153326661
1126 32 0.02314980684145162 0.058044522171713804
1126 33 -0.007373583906600012 0.05280705950702503
1126 34 0.014696926963168508 0.05991185902491327
1126 35 -0.0022268899516866025 0.022361011689263854
1126 36 0.04547950038056882 0.042118544760802505
1126 37 0.05328498368038763 0.04294560684581259
1126 38 0.03778094433790029 0.0786886686757836
1126 39 -0.02820641914777596 0.06581034048108964
1126 40 -0.04005196105116653 0.06190373484096375
1126 41 0.004023684727368862 0.05724531230576789
1126 42 0.004488429977468187 0.03899455552075632
1127 32 0.031886704411046754 0.04645733736848702
1127 33 0.01375191594076138 0.04065902474364901
1127 34 0.023349204366259514 0.06861466513833182
1127 35 0.016133059360059206 0.04686531158668374
1127 36 0.053511525370386406 0.05604833501203843
1127 37 0.061288325002615385 0.04346438310068867
1127 38 0.031099172092824673 0.0757913467567821
1127 39 -0.015376723381218404 0.07362678088645602
1127 40 -0.01651334435924342 0.06611651935353195
1127 41 0.019861317744970693 0.0473161977696225
1127 42 0.012911253991057242 0.03098256622564786
1128 32 0.017155735412884832 0.04078858247502349
1128 33 -0.02762740635110471 0.03864097345211734
1128 34 -0.0021636631206949698 0.0606634478711037
1128 35 -0.009100161374370457 0.05608008840074361
1128 36 0.021250089372936813 0.059397159756626315
1128 37 0.02373731926250653 0.05504217026812396
1128 38 -0.009125054115029715 0.07218063056178642
1128 39 -0.02040141890175164 0.07775772822407999
1128 40 -0.041921610277435205 0.06411700572326166
1128 41 -0.010066938455283236 0.05858811749737271
1128 42 -0.03068124455361195 0.044271600740511764
1129 32 0.02993351937221141 0.05665877515469428
1129 33 -0.02788955904738516 0.03307966364715138
1129 34 -0.005207644448312081 0.04746227517662428
1129 35 -0.023900413801486053 0.013683012193695698
1129 36 0.008290451653561477 0.056574072525918694
1129 37 0.016243771210141415 0.03537554959354605
1129 38 -0.005168115642139734 0.06653575005504603
1129 39 -0.04249601446518125 0.06442477682192446
1129 40 -0.06286360096508432 0.057801996678995826
1129 41 -0.017619978310663455 0.05380358423020474
1129 42 -0.024312406128320908 0.0453559769102134
1130 32 0.05533652731849646 0.0859725700218692
1130 33 0.011190051336476131 0.05681730697745426
1130 34 0.01825982048210901 0.059350768556777754
1130 35 0.0019759652374837567 0.03153335814698854
1130 36 0.029605462708020468 0.03819492422111814
1130 37 0.046977451989485365 0.06901655731716569
1130 38 0.03633161236119647 0.08607110746248928
1130 39 -0.013854549166088742 0.06632693362891001
1130 40 -0.03745649207466457 0.06686949123785087
1130 41 -0.007877132582303987 0.0569235315031252
1130 42 -0.004345223939325414 0.04497016125364922
