# sela selb Avg-corr Err
835 32 0.013546504007666455 0.05932522968912113
835 33 0.019443881408218875 0.06420100435446854
835 34 0.042599554258657635 0.06592781233018698
835 35 0.001778881058726802 0.029389032143843117
835 36 0.04989913058555436 0.020274434334168704
835 37 0.028228264665573703 0.07399336160681683
835 38 -0.0016150507322008998 0.06096996531914613
835 39 -0.10951847288887226 0.059248922796012383
835 40 -0.0707192384593828 0.049088160181486075
835 41 -0.01017236225018341 0.0573263024051835
835 42 -0.021879840173014583 0.04495780602634479
836 32 0.0400777515014127 0.04965517995148874
836 33 0.046118468842200125 0.060037621325703554
836 34 0.06327615342658757 0.06276948876333394
836 35 0.0282878740282204 0.028574125200216308
836 36 0.06871720170202178 0.021033549401350916
836 37 0.04417647730241846 0.0686785544677143
836 38 0.021047917277574463 0.05427157640721264
836 39 -0.08966294722700717 0.05241302512224892
836 40 -0.060449364741940716 0.041497030239480946
836 41 0.00045371664127060173 0.05272676231392042
836 42 -0.005701208971646987 0.04627743007288701
837 32 0.04048750144597435 0.05979890644072161
837 33 0.02964987549433919 0.07209481076927043
837 34 0.06152553971165538 0.086048955064192
837 35 0.01386828810138449 0.02780173118447278
837 36 0.07674917879511879 0.02468179391275895
837 37 0.03744863590823564 0.07265519397183481
837 38 0.031543057988989945 0.05908677257649426
837 39 -0.09278186773596712 0.05888647087460391
837 40 -0.060510669420587346 0.041021686868600124
837 41 0.02276754534750979 0.052187159153424055
837 42 0.021448285355126467 0.04672427274878819
838 32 0.0021231812646778036 0.04570790130239383
838 33 -0.003408843570566605 0.0613669983621893
838 34 0.06022815293801713 0.08121237719460758
838 35 0.035575505843321795 0.03747673885748381
838 36 0.10006768279587468 0.025724218791197864
838 37 0.041206754206222315 0.06048030892568086
838 38 0.023843120359422376 0.05849666581565686
838 39 -0.09000406826932761 0.0605644945353748
838 40 -0.05320766633005932 0.03643361975094688
838 41 0.026389195147228196 0.051199271964946794
838 42 0.022576363849752222 0.05055807785017293
839 32 0.012022899253771088 0.037328137467140046
839 33 0.008392031864781501 0.053488981256558134
839 34 0.06803311217359775 0.0662450385189006
839 35 0.053650902510991236 0.046893421642014724
839 36 0.0907206508739385 0.040285906255792994
839 37 0.03212322116892406 0.05875091569420106
839 38 0.011007969671239976 0.05582901946837664
839 39 -0.08497667783965039 0.05994716306474654
839 40 -0.050641698674153766 0.03148426520954854
839 41 0.02937351159594696 0.056534670445983363
839 42 0.024127566167195802 0.056306869851421144
840 32 0.029029091303962907 0.028578582870354956
840 33 0.023826698533546627 0.05118154827939203
840 34 0.0846688730227257 0.0723715047915961
840 35 0.06131996481971358 0.03958152662700778
840 36 0.10869063083315131 0.030534554962407673
840 37 0.0775468190557774 0.06869912705866318
840 38 0.057999152565752984 0.05925751934788211
840 39 -0.04576318425764707 0.04701402305694305
840 40 -0.016623835594817914 0.02980073152089282
840 41 0.041660448160996746 0.041955037696165584
840 42 0.04399114432640938 0.04657767641537004
841 32 -0.01104031199542338 0.03027057775339711
841 33 -0.018505642401371387 0.05023217118389496
841 34 0.06956567041478856 0.07554952365242862
841 35 0.06078397099827827 0.04057514541627047
841 36 0.10967537265677851 0.02498718886898785
841 37 0.046292152334521205 0.06170519458433942
841 38 0.027814834701860434 0.06363617984250694
841 39 -0.038259722817149636 0.042347197753918764
841 40 -0.0008232906393420572 0.041757768300356754
841 41 0.0672097081690782 0.05058957449225231
841 42 0.06950007609956335 0.0657016442392792
842 32 -0.018953282772983505 0.034416699511358596
842 33 -0.020094212682699876 0.045533454843974794
842 34 0.06377078437018564 0.05356002065458656
842 35 0.057882379758205885 0.0427270209109029
842 36 0.06679070826749081 0.04326030937118507
842 37 -0.012686961672932418 0.044524896477647374
842 38 -0.031095156849344795 0.060276255823807315
842 39 -0.057392680409261376 0.04494929380641774
842 40 -0.009354421874321405 0.01923836186030794
842 41 0.07779899178226583 0.06721839045026577
842 42 0.06572420374614414 0.07601915999195459
843 32 0.016615139629368184 0.030799167021994273
843 33 0.006299337997486712 0.04326188133671512
843 34 0.08291983043020049 0.04274239180250992
843 35 0.07828598353154473 0.04250231566020701
843 36 0.0629675561099591 0.05268063779143532
843 37 0.015017484669221828 0.04690491569244904
843 38 -0.008060622565209997 0.061870004226860974
843 39 -0.04583674581709418 0.045592009023852485
843 40 -0.007159657841163199 0.01811971260154899
843 41 0.07006566522963989 0.05494147073273795
843 42 0.0611899250655936 0.05689600544978343
844 32 0.0073568663863494395 0.027681371430051754
844 33 -0.00930900899085547 0.03793013596565753
844 34 0.09060792456111369 0.061175977647011
844 35 0.09697526858437985 0.05360511532943624
844 36 0.11185962041571088 0.04688712415133602
844 37 0.07683288935182223 0.06400449376526982
844 38 0.061205450922894755 0.07000362606502938
844 39 0.006831653716991129 0.02943979119321796
844 40 0.03590780000315059 0.0249927193259225
844 41 0.08382033065484462 0.05503985940631098
844 42 0.08156089406357162 0.06758212075085858
845 32 -0.019087319660067437 0.03678787152172303
845 33 -0.0165718531695012 0.04378991696801041
845 34 0.09601907019256546 0.05193065571265266
845 35 0.10107619581000424 0.05334457843201337
845 36 0.10282783100599553 0.05004662147263439
845 37 0.006915157234542715 0.06011347694634296
845 38 0.003655959129977271 0.06982245070336986
845 39 0.007951107026660392 0.046773973172463734
845 40 0.047393110938347194 0.02362026867592182
845 41 0.12272918358169167 0.07836641678985601
845 42 0.11327374809728945 0.09205756846166482
846 32 -0.005673277867943095 0.057675805432193195
846 33 0.01115317520929095 0.06942043922173893
846 34 0.11613547704788559 0.037922342633509326
846 35 0.10525332099053668 0.03739444465938675
846 36 0.036202827570720894 0.07497613842456251
846 37 -0.03605371877069784 0.08004715347860245
846 38 -0.035515338306087045 0.08546771044874388
846 39 -0.03504512633851679 0.07738763289467694
846 40 0.003956484604734872 0.056684448536373076
846 41 0.11036102024609422 0.06522042330559713
846 42 0.09728291223716465 0.06622186879035712
847 32 0.01013463252901842 0.05373635359413522
847 33 0.010667142141618981 0.06111840601592003
847 34 0.10436777518293254 0.04278224821861422
847 35 0.08424620606812691 0.03343428474908601
847 36 0.02661053822017434 0.08264962394449876
847 37 0.017328075715956927 0.06911699689232026
847 38 0.0209899581293732 0.0762558420221831
847 39 -0.017459607580145718 0.059950224461663794
847 40 0.01546272926246727 0.06664099437723267
847 41 0.10910333359730728 0.0524449295617167
847 42 0.10103135643204235 0.05112884081390446
848 32 -0.021673656494651937 0.03664939737587367
848 33 -0.02177734222841274 0.04694828826533244
848 34 0.08393308640652881 0.05879076441907822
848 35 0.08745129503154277 0.05697818864183898
848 36 0.1019253929088862 0.0760812808826338
848 37 0.06248167239407212 0.07312827071510507
848 38 0.07168177221850616 0.07732818926888457
848 39 0.046486139312800254 0.06079591774939386
848 40 0.07731164108674618 0.04430265822010719
848 41 0.1615053546374284 0.06772591336106136
848 42 0.1486284960605853 0.07462344254719498
849 32 -0.027257112009203527 0.050310409793385864
849 33 -0.000508731559191401 0.06609461606990406
849 34 0.12140079534724421 0.04805684018573049
849 35 0.12508411051925444 0.04214422630867099
849 36 0.07886817897078184 0.07991682457027245
849 37 -0.019945755747821627 0.10159299138102389
849 38 -0.014211293990532142 0.10532985775494416
849 39 0.004623807385093765 0.09962058696617884
849 40 0.024533999287822048 0.05984061029771188
849 41 0.14554480290559388 0.07340067818908344
849 42 0.1266671572927449 0.07922982048970502
850 32 -0.0016230617125921859 0.06710441435289557
850 33 0.02381059197681803 0.07817777773516828
850 34 0.12551917719070885 0.03871041717353604
850 35 0.1180189084714883 0.022114521183523347
850 36 0.018203830317071477 0.08693972794428857
850 37 -0.01987819642509268 0.10601607281760403
850 38 -0.011247111522735059 0.10325783008443154
850 39 0.00110861043627834 0.10834993997273852
850 40 0.0096524824739464 0.09566925762031621
850 41 0.13421106326670032 0.054623437951667644
850 42 0.11993727603659568 0.058725582437119374
851 32 -0.0032346217341953643 0.06512986277399536
851 33 0.018108690898402235 0.06824948971298049
851 34 0.10947897857565562 0.034436773274554126
851 35 0.11245943576613796 0.020607516782795834
851 36 0.054254300136345544 0.09025255219893594
851 37 0.05136871680538106 0.09651671028990268
851 38 0.05472079763790395 0.09358740995983623
851 39 0.042083323395734465 0.09809128187557321
851 40 0.036108000336439 0.0895134961796073
851 41 0.13851543790044643 0.05143090944059782
851 42 0.12159053940894957 0.05623007675213949
852 32 -0.03180356830989438 0.05855640311515152
852 33 0.012777455895098811 0.0712274637293122
852 34 0.13032161278745275 0.04838505389037015
852 35 0.14750377937158526 0.03719631043864211
852 36 0.09726347091391918 0.09464240448457499
852 37 0.048684875484009925 0.1138141412729644
852 38 0.04829573416434045 0.11352095704720239
852 39 0.046589932497775675 0.10993791804195802
852 40 0.06365499685714127 0.0789041650348129
852 41 0.16862657174455892 0.07134137061362758
852 42 0.13181634868821213 0.07420515380743471
853 32 -0.04755359277318873 0.07446856875225981
853 33 0.0028268253626440474 0.09245165869342767
853 34 0.1284388290366005 0.050774416440757336
853 35 0.14081961168393742 0.02431079271973561
853 36 0.07380373446485837 0.08919050437534501
853 37 0.0015116924661435383 0.12459378448401875
853 38 0.018303078190254098 0.11816150289348758
853 39 0.04455912406817252 0.12627383460515945
853 40 0.06494839935071704 0.10137340860783794
853 41 0.1727095732295178 0.057693619906066716
853 42 0.13644253866721812 0.06317250529430649
854 32 -4.141517061158062e-05 0.07771033895683195
854 33 0.050991306758164226 0.09086181194407043
854 34 0.12134690295253636 0.04870593255160787
854 35 0.11430038597955967 0.023772351686146352
854 36 0.04233332977527267 0.09089280381295402
854 37 0.013829300200231182 0.12006841748451372
854 38 0.05102498554604172 0.1058696861987593
854 39 0.06886750606572763 0.12061586833694576
854 40 0.06613659104582108 0.11358289013179297
854 41 0.1404652533144498 0.054410184072838964
854 42 0.1348900356671384 0.06402160897949974
855 32 -0.0026443449046769096 0.0762981370362115
855 33 0.05479999823227723 0.08565793685867977
855 34 0.14882748809796092 0.044274595273295296
855 35 0.1530849044498344 0.027996214467590253
855 36 0.08255585559773211 0.09587520086849224
855 37 0.05526710599860304 0.1249029934872075
855 38 0.06722049233973956 0.10929090283244362
855 39 0.07239004473431464 0.11818524618315947
855 40 0.06293664235351176 0.10012780526582842
855 41 0.1521747634778245 0.060379153529903376
855 42 0.13151288944982903 0.061850747900391065
856 32 -0.05469015312420428 0.0770408798800677
856 33 -0.004124330182099572 0.0937751404874419
856 34 0.1341378795187628 0.052144274549168
856 35 0.160392067640232 0.02355753833335429
856 36 0.0953288849204403 0.08295734901735588
856 37 0.03311612180111269 0.12913696584366421
856 38 0.047134782739352114 0.11876096666503065
856 39 0.06192046881559625 0.12526240010626274
856 40 0.07607746534016624 0.09572477838126166
856 41 0.18418191529902514 0.05494563122861744
856 42 0.13092660452772523 0.05928135299121032
857 32 -0.04424522762494372 0.07808899143733421
857 33 0.009412001969715991 0.10011059831520785
857 34 0.11188241723862298 0.05515811204968362
857 35 0.11211478199707892 0.03502119035539376
857 36 0.07340282518183758 0.08997858329598778
857 37 0.025264386459459054 0.13560674585304502
857 38 0.06496818870687862 0.12376883164743246
857 39 0.09350457475914768 0.13299019360984476
857 40 0.10849288552761145 0.11011096476875457
857 41 0.20248761467796933 0.04575487576004677
857 42 0.16442064549766142 0.045801837513588746
858 32 -0.042076700688131484 0.06714282068993453
858 33 0.015668045456621725 0.07815604867237368
858 34 0.12949298590972788 0.01469582245823969
858 35 0.14194048859295988 0.05946035766944613
858 36 0.11642826781642053 0.09252108642308979
858 37 0.1170442175075717 0.11785425392200952
858 38 0.1385738128239558 0.10061196958866969
858 39 0.14421224107031166 0.10952302673279851
858 40 0.13757646729466083 0.08427648689588117
858 41 0.15766374228717195 0.06936291995567108
858 42 0.1404939226832715 0.062052851332395874
859 32 -0.043933765395990816 0.08742754239907943
859 33 -0.005938030847505232 0.09133111044039435
859 34 0.1467695010893902 0.020076297875765398
859 35 0.18208530080283097 0.04507350678750439
859 36 0.12256802977330575 0.0849964632434569
859 37 0.09736000387402409 0.1176987777568832
859 38 0.12094139687200256 0.1002725614670116
859 39 0.12345241830575779 0.11050924579091158
859 40 0.11382183653341796 0.0888439361184881
859 41 0.18753184255287297 0.07422515050519528
859 42 0.1636101791494784 0.07985222218096237
860 32 -0.05447120093988611 0.08921127660275643
860 33 -0.025437925959745554 0.10513604042866045
860 34 0.14184287782286997 0.0361203509673199
860 35 0.1873692210577004 0.032661657813057896
860 36 0.1230019243649331 0.08283840689548168
860 37 0.07121961615166697 0.1262239195137047
860 38 0.10793883254174638 0.10792518217024295
860 39 0.12481550046528186 0.11781279472978268
860 40 0.12167605056351291 0.09963041538660455
860 41 0.20573217627394183 0.07350501870595597
860 42 0.18849527653861528 0.0935951602442838
861 32 -0.056815028784602636 0.07862471231427864
861 33 -0.020385178125531995 0.09205926190100876
861 34 0.1352674267407652 0.028786912037233492
861 35 0.1919697024314226 0.06383634401205057
861 36 0.1514639941600332 0.07925767416715297
861 37 0.13370896570012875 0.11252277478888519
861 38 0.1530209561860037 0.08491334899969483
861 39 0.18406630711737135 0.0981501367016055
861 40 0.16772735501111274 0.081470276160798
861 41 0.1501273695001389 0.06970972034077767
861 42 0.13066517850547993 0.08000379784336027
862 32 -0.02720163129683051 0.07938013899256156
862 33 -0.0015858465475697802 0.0856014699159122
862 34 0.1269788503239484 0.026152643325222394
862 35 0.18338262497617572 0.06833416293330587
862 36 0.15701379155038087 0.08145428180589757
862 37 0.1731326100946918 0.08974996905602434
862 38 0.18299242185123124 0.05453144256045664
862 39 0.18586337565493286 0.09574075316809808
862 40 0.13440401643221875 0.09723572822906441
862 41 0.08841846505664488 0.06290914356155623
862 42 0.07141673370823191 0.06581517088081201
863 32 -0.04363699369832389 0.0864428326570236
863 33 -0.03608910097891692 0.09010086685952705
863 34 0.1259996013491608 0.025258541652578355
863 35 0.2049348534543305 0.04739746442525865
863 36 0.15401706736855134 0.07525268765121208
863 37 0.16092495798399975 0.08508082697628663
863 38 0.18113550189265779 0.06437285519572469
863 39 0.18235225379508663 0.10006688723603739
863 40 0.10593531661643603 0.11164289368456635
863 41 0.10304439419707842 0.060858641959680396
863 42 0.11119820317963316 0.07450706319757176
864 32 -0.0644026566340698 0.08125870778570184
864 33 -0.04951626394943813 0.08907729914779632
864 34 0.12113268006351804 0.021195646275558814
864 35 0.20720339741978577 0.05155861973965012
864 36 0.17692947230849615 0.07244053350981829
864 37 0.17970658507042137 0.07940883929729943
864 38 0.1883785053191988 0.0624539115375059
864 39 0.20962394859720498 0.09496493060971267
864 40 0.13361746645227207 0.11643488474979588
864 41 0.05369517107967997 0.09178943014496069
864 42 0.055286438743278855 0.09867520394823566
865 32 -0.07046534207566948 0.07876830515980929
865 33 -0.05543035631072345 0.08152022514842602
865 34 0.10802752751504925 0.0274579299364849
865 35 0.18981555525825783 0.06925593230348048
865 36 0.20005511859622344 0.07233462307144112
865 37 0.2262797420017983 0.07303375621252814
865 38 0.21442371065318921 0.04692346655375921
865 39 0.25926055969740397 0.06549592406997991
865 40 0.19055115787484164 0.09522322822127456
865 41 0.022493776700016142 0.11810668008045191
865 42 0.02791141292444598 0.12471250098581312
866 32 -0.04729534032450331 0.08208165904903653
866 33 -0.04536328672865262 0.07380520897771191
866 34 0.11296331746635306 0.030095518888274952
866 35 0.20233589453691936 0.06494422017924682
866 36 0.1836475006714124 0.07414790589741033
866 37 0.2006962706132407 0.07690725506732388
866 38 0.19818912078572587 0.053712354299078356
866 39 0.2647910389841307 0.06435351548858305
866 40 0.18776624718978976 0.09189290760919298
866 41 0.04149021367987852 0.10514774688362159
866 42 0.06594119310970212 0.11469705113411009
867 32 -0.03977994120922797 0.0631750005344124
867 33 -0.04038316357972512 0.057271972635969996
867 34 0.09987768103338558 0.06013611685685952
867 35 0.16922286054461838 0.06684051190241135
867 36 0.15347146133449877 0.06665344858228513
867 37 0.18805388991733912 0.08503885463100873
867 38 0.1760475500903051 0.06445641604892047
867 39 0.2384316816016288 0.07297942844715694
867 40 0.19682548733905697 0.08025465224722672
867 41 0.06243384824631486 0.08682209300066908
867 42 0.09452763346970434 0.10415123498780664
868 32 -0.03839824652731214 0.07142334963280113
868 33 -0.034560849091490195 0.07383033530605113
868 34 0.09461028780073492 0.05327868877643625
868 35 0.17083688054888144 0.05240577541330622
868 36 0.17664801726330043 0.06813937356828961
868 37 0.20514155124855166 0.07948090629727596
868 38 0.1858898389920499 0.06266557479160721
868 39 0.24373090143123138 0.07678953717142635
868 40 0.22423028865274083 0.07973062377363277
868 41 0.1511093655792173 0.05704438436880094
868 42 0.1598119612798214 0.07573946802121556
869 32 -0.022778918676125547 0.0772329834840535
869 33 -0.023056969994836855 0.07964475436324783
869 34 0.10313707837215416 0.05172620629378947
869 35 0.17121287761102216 0.04359598710186394
869 36 0.18826392959711427 0.06449592103675374
869 37 0.20361180140602242 0.07570813005743646
869 38 0.17251125063786948 0.06188775098107404
869 39 0.2414647993211815 0.0853297802435162
869 40 0.22855506443089882 0.08580560359642528
869 41 0.17208052576591076 0.04044811610631245
869 42 0.18233219911016335 0.06448202962626141
870 32 -0.0021190641158337895 0.0680600502115671
870 33 0.008275921030988878 0.07338660947877527
870 34 0.11905749428098689 0.03798633771119572
870 35 0.16286639055998592 0.0165281515728026
870 36 0.2109220687063847 0.05327950642390435
870 37 0.21886546129341208 0.061875644451700205
870 38 0.1909685728585183 0.05722421406497638
870 39 0.24004951845712635 0.06826589886384678
870 40 0.232986521796065 0.07732097780467576
870 41 0.18050827794034893 0.037611066107100175
870 42 0.18764092356694068 0.048477796498411704
