# Rg Avg-P(Rg) Err
1.0 1.2338816799555975e-270 0.0
1.024 4.5683409383224976e-269 0.0
1.048 1.6734114679161723e-267 0.0
1.072 6.064656597546763e-266 0.0
1.096 2.174547654460675e-264 0.0
1.12 7.714199851163037e-263 0.0
1.1440000000000001 2.7075225602045742e-261 0.0
1.168 9.401832813981356e-260 0.0
1.192 3.2300720262169793e-258 0.0
1.216 1.0979211004037753e-256 0.0
1.24 3.69223470056885e-255 0.0
1.264 1.2284760973076315e-253 0.0
1.288 4.043927542286594e-252 0.0
1.312 1.3170409062945145e-250 0.0
1.336 4.243795098254044e-249 0.0
1.3599999999999999 1.3529096491359215e-247 0.0
1.384 4.267194382242869e-246 0.0
1.408 1.3316046538211928e-244 0.0
1.432 4.111188858737333e-243 0.0
1.456 1.255795138156117e-241 0.0
1.48 3.7951540882239177e-240 0.0
1.504 1.1347476099736287e-238 0.0
1.528 3.35682257610204e-237 0.0
1.552 9.824642267780877e-236 0.0
1.576 2.8448826254071784e-234 0.0
1.6 8.15025522399308e-233 0.0
1.624 2.3101347561246713e-231 0.0
1.6480000000000001 6.478324072809484e-230 0.0
1.6720000000000002 1.7974105034918565e-228 0.0
1.6960000000000002 4.93390896509238e-227 0.0
1.72 1.339967424971747e-225 0.0
1.744 3.600448485226849e-224 0.0
1.768 9.571460582973123e-223 0.0
1.792 2.5174397330112677e-221 0.0
1.816 6.550873360962795e-220 0.0
1.8399999999999999 1.6865475119441224e-218 0.0
1.8639999999999999 4.295930159328348e-217 0.0
1.888 1.0826176436152874e-215 0.0
1.912 2.699306783151375e-214 0.0
1.936 6.658687745066873e-213 0.0
1.96 1.6251157954315386e-211 0.0
1.984 3.924092472521164e-210 0.0
2.008 9.374614442534588e-209 0.0
2.032 2.2157811251368348e-207 0.0
2.056 5.181548459843002e-206 0.0
2.08 1.1988132462954516e-204 0.0
2.104 2.7441178958409195e-203 0.0
2.128 6.214601196712887e-202 0.0
2.152 1.392460963297799e-200 0.0
2.176 3.0868253684975477e-199 0.0
2.2 6.770182270461731e-198 0.0
2.224 1.4690884056127079e-196 0.0
2.248 3.153949767536798e-195 0.0
2.2720000000000002 6.699168247888989e-194 0.0
2.2960000000000003 1.4078172150288858e-192 0.0
2.3200000000000003 2.9270553346299085e-191 0.0
2.3440000000000003 6.021086547892767e-190 0.0
2.3680000000000003 1.2254005885215751e-188 0.0
2.3920000000000003 2.467405782883892e-187 0.0
2.416 4.915439469683416e-186 0.0
2.44 9.688206981982056e-185 0.0
2.464 1.889225280932217e-183 0.0
2.488 3.644881167093314e-182 0.0
2.512 6.957324916560611e-181 0.0
2.536 1.3138944769968011e-179 0.0
2.56 2.4549235881241218e-178 0.0
2.584 4.538107330842126e-177 0.0
2.608 8.299861437053015e-176 0.0
2.632 1.5018488195067413e-174 0.0
2.656 2.6886909888394027e-173 0.0
2.6799999999999997 4.762279345158181e-172 0.0
2.7039999999999997 8.345418968838644e-171 0.0
2.7279999999999998 1.446907367654256e-169 0.0
2.752 2.4819476631479425e-168 0.0
2.776 4.212149924222304e-167 0.0
2.8 7.072522455367821e-166 0.0
2.824 1.1749088218607184e-164 0.0
2.848 1.9310490825204974e-163 0.0
2.872 3.140087727208963e-162 3.1434555694052576e-162
2.896 5.0518398482891904e-161 5.051093936093643e-161
2.92 8.041122789143097e-160 8.041116640665893e-160
2.944 1.2663190596303784e-158 1.2663190577090239e-158
2.968 1.973008364670139e-157 1.973008364673023e-157
2.992 3.041403531582817e-156 3.0414035315828813e-156
3.016 4.638510086223853e-155 4.638510086223852e-155
3.04 6.999101766681017e-154 6.999101766681017e-154
3.064 1.044877694650793e-152 1.0448776946507928e-152
3.088 1.5432914823608137e-151 1.5432914823608137e-151
3.112 2.2552246776646026e-150 2.255224677664602e-150
3.136 3.260551242279483e-149 3.260551242279483e-149
3.16 4.66392553436922e-148 4.663925534369219e-148
3.184 6.600419716730955e-147 6.600419716730954e-147
3.208 9.241678793913171e-146 9.24167879391317e-146
3.232 1.2802346091464103e-144 1.28023460914641e-144
3.2560000000000002 1.754638434712353e-143 1.7546384347123533e-143
3.2800000000000002 2.379277507438155e-142 2.379277507438155e-142
3.3040000000000003 3.191993152432813e-141 3.191993152432813e-141
3.328 4.236802302903137e-140 4.236802302903138e-140
3.352 5.563829973772537e-139 5.563829973772536e-139
3.376 7.22884491513697e-138 7.228844915136969e-138
3.4 9.292303344484034e-137 9.292303344484036e-137
3.424 1.181781723279563e-135 1.1817817232795632e-135
3.448 1.4869986868699063e-134 1.4869986868699065e-134
3.472 1.8511573371269265e-133 1.851157337126927e-133
3.496 2.2800035273486745e-132 2.280003527348674e-132
3.52 2.7783512518649494e-131 2.77835125186495e-131
3.544 3.349640772268251e-130 3.3496407722682516e-130
3.568 3.9954783129542666e-129 3.995478312954266e-129
3.592 4.715185558891658e-128 4.715185558891656e-128
3.616 5.505392337863995e-127 5.505392337863994e-127
3.64 6.359708980545295e-126 6.359708980545294e-126
3.664 7.268515199860463e-125 7.268515199860464e-125
3.688 8.21889936962784e-124 8.21889936962784e-124
3.712 9.194775544601116e-123 9.194775544601115e-123
3.736 1.0177195544187697e-121 1.0177195544187697e-121
3.7600000000000002 1.1144860421545399e-120 1.1144860421545397e-120
3.7840000000000003 1.2074820565358823e-119 1.2074820565358825e-119
3.8080000000000003 1.2943337788548936e-118 1.2943337788548936e-118
3.832 1.3726867540452804e-117 1.3726867540452802e-117
3.856 1.4403106414060364e-116 1.4403106414060361e-116
3.88 1.4952040886462109e-115 1.4952040886462104e-115
3.904 1.5356928922508476e-114 1.5356928922508477e-114
3.928 1.5605147432776325e-113 1.5605147432776328e-113
3.952 1.5688845783656464e-112 1.5688845783656464e-112
3.976 1.560535816674612e-111 1.560535816674612e-111
4.0 1.535734460983437e-110 1.5357344609834373e-110
4.024 1.4952650223760176e-109 1.4952650223760174e-109
4.048 1.4403893075276943e-108 1.4403893075276943e-108
4.072 1.3727810889206326e-107 1.3727810889206326e-107
4.096 1.2944413760486982e-106 1.2944413760486982e-106
4.12 1.2076002669174388e-105 1.207600266917439e-105
4.144 1.1146120801879744e-104 1.1146120801879742e-104
4.168 1.0178506048230628e-103 1.0178506048230628e-103
4.192 9.196108736749927e-103 9.196108736749925e-103
4.216 8.220229444768926e-102 8.220229444768926e-102
4.24 7.269818755018759e-101 7.26981875501876e-101
4.264 6.360965615973541e-100 6.360965615973541e-100
4.288 5.5065850711685436e-99 5.5065850711685436e-99
4.312 4.7163010483914644e-98 4.7163010483914644e-98
4.336 3.996506898307439e-97 3.9965068983074387e-97
4.359999999999999 3.3505763505284963e-96 3.350576350528495e-96
4.384 2.7791910150061442e-95 2.779191015006144e-95
4.4079999999999995 2.2807475925029696e-94 2.2807475925029696e-94
4.432 1.8518083032464253e-93 1.851808303246425e-93
4.4559999999999995 1.4875611513395981e-92 1.4875611513395976e-92
4.48 1.1822617895725896e-91 1.1822617895725894e-91
4.504 9.296351376812788e-91 9.296351376812786e-91
4.5280000000000005 7.232217633441237e-90 7.232217633441235e-90
4.552 5.566606856675615e-89 5.5666068566756154e-89
4.5760000000000005 4.2390618291954553e-88 4.2390618291954553e-88
4.6 3.1938103184347817e-87 3.1938103184347813e-87
4.6240000000000006 2.3807220133047333e-86 2.3807220133047336e-86
4.648 1.755773491434401e-85 1.7557734914344008e-85
4.672000000000001 1.2811162911913425e-84 1.2811162911913423e-84
4.696 9.24844931929653e-84 9.24844931929653e-84
4.720000000000001 6.605559751423233e-83 6.605559751423233e-83
4.744 4.6677835001950754e-82 4.6677835001950754e-82
4.768000000000001 3.263414187161234e-81 3.263414187161234e-81
4.792 2.2573252714733554e-80 2.2573252714733557e-80
4.816000000000001 1.5448153829684544e-79 1.544815382968454e-79
4.84 1.0459708115859939e-78 1.0459708115859937e-78
4.864 7.00685496871125e-78 7.00685496871125e-78
4.888 4.6439477006703465e-77 4.643947700670346e-77
4.912 3.045174529156856e-76 3.045174529156856e-76
4.936 1.9755943841161486e-75 1.9755943841161486e-75
4.96 1.2680727047279439e-74 1.2680727047279435e-74
4.984 8.052882382556739e-74 8.052882382556739e-74
5.008 5.059637961593587e-73 5.0596379615935863e-73
5.032 3.1452014721631254e-72 3.145201472163125e-72
5.056 1.934365324942321e-71 1.9343653249423213e-71
5.08 1.1770355713154397e-70 1.1770355713154397e-70
5.104 7.086010662090968e-70 7.086010662090968e-70
5.128 4.2206098142135817e-69 4.220609814213583e-69
5.152 2.487195163499287e-68 2.4871951634992867e-68
5.176 1.4501263752038003e-67 1.4501263752038002e-67
5.2 8.364947862779161e-67 8.36494786277916e-67
5.224 4.773996541076756e-66 4.773996541076756e-66
5.248 2.6956438616756294e-65 2.695643861675629e-65
5.272 1.505929226588135e-64 1.505929226588135e-64
5.296 8.32354490429364e-64 8.323544904293639e-64
5.32 4.55170277964328e-63 4.5517027796432797e-63
5.344 2.462642429276018e-62 2.462642429276018e-62
5.368 1.318228834095806e-61 1.318228834095806e-61
5.392 6.981397071969078e-61 6.981397071969076e-61
5.416 3.658104063019818e-60 3.6581040630198174e-60
5.44 1.8964092265950165e-59 1.8964092265950162e-59
5.464 9.726810585116064e-59 9.726810585116064e-59
5.488 4.9359569686183424e-58 4.935956968618342e-58
5.5120000000000005 2.478191676827105e-57 2.4781916768271045e-57
5.5360000000000005 1.231008825314735e-56 1.231008825314735e-56
5.5600000000000005 6.049929405148506e-56 6.049929405148506e-56
5.5840000000000005 2.9417275327382803e-55 2.9417275327382796e-55
5.6080000000000005 1.4151996600539974e-54 1.4151996600539974e-54
5.632 6.735909717754427e-54 6.735909717754426e-54
5.656 3.172036794286923e-53 3.172036794286923e-53
5.68 1.4778955522101056e-52 1.4778955522101058e-52
5.704 6.812601586240635e-52 6.812601586240633e-52
5.728 3.107034862557698e-51 3.107034862557698e-51
5.752 1.401984834030258e-50 1.401984834030258e-50
5.776 6.258996874935162e-50 6.258996874935161e-50
5.8 2.764588935387759e-49 2.7645889353877587e-49
5.824 1.208150387184766e-48 1.2081503871847663e-48
5.848 5.223675943535847e-48 5.2236759435358475e-48
5.872 2.234582840229109e-47 2.2345828402291094e-47
5.896 9.45762101386358e-47 9.45762101386358e-47
5.92 3.960342908379398e-46 3.960342908379398e-46
5.944 1.64077617927375e-45 1.64077617927375e-45
5.968 6.725611857823288e-45 6.725611857823286e-45
5.992 2.727598317729341e-44 2.7275983177293415e-44
6.016 1.0944487849179312e-43 1.094448784917931e-43
6.04 4.344873724477104e-43 4.344873724477104e-43
6.064 1.7065768194633423e-42 1.7065768194633423e-42
6.088 6.631958296192007e-42 6.631958296192007e-42
6.112 2.5499126151388213e-41 2.549912615138821e-41
6.136 9.700110770043255e-41 9.700110770043255e-41
6.16 3.6508694812618767e-40 3.6508694812618763e-40
6.184 1.3595165043121276e-39 1.3595165043121278e-39
6.208 5.0088910575137093e-39 5.008891057513709e-39
6.232 1.8258621640929773e-38 1.825862164092977e-38
6.256 6.585125966812054e-38 6.585125966812052e-38
6.28 2.3497967013099285e-37 2.349796701309928e-37
6.304 8.295967194910998e-37 8.295967194910996e-37
6.328 2.8978422707262465e-36 2.897842270726246e-36
6.352 1.0015068144046538e-35 1.0015068144046536e-35
6.376 3.424561823406348e-35 3.424561823406347e-35
6.4 1.1585867581902309e-34 1.1585867581902309e-34
6.424 3.878154362067745e-34 3.878154362067746e-34
6.448 1.2843848126287934e-33 1.284384812628793e-33
6.472 4.2086165181802294e-33 4.208616518180228e-33
6.496 1.3644520686153328e-32 1.3644520686153328e-32
6.5200000000000005 4.376758537279131e-32 4.3767585372791315e-32
6.5440000000000005 1.3890661746880127e-31 1.3890661746880125e-31
6.5680000000000005 4.361843015076913e-31 4.361843015076912e-31
6.5920000000000005 1.3551725888536848e-30 1.355172588853685e-30
6.6160000000000005 4.165790636672694e-30 4.1657906366726946e-30
6.64 1.2670079275595836e-29 1.2670079275595838e-29
6.664 3.812774626285267e-29 3.8127746262852677e-29
6.688 1.1352296800589579e-28 1.1352296800589576e-28
6.712 3.34432190034131e-28 3.34432190034131e-28
6.736 9.747991076008708e-28 9.747991076008706e-28
6.76 2.8112917453159375e-27 2.8112917453159368e-27
6.784 8.021979330452966e-27 8.021979330452966e-27
6.808 2.2648691924821754e-26 2.2648691924821748e-26
6.832 6.326913122964076e-26 6.326913122964076e-26
6.856 1.748755273295349e-25 1.7487552732953488e-25
6.88 4.782510661436629e-25 4.782510661436629e-25
6.904 1.294118347283517e-24 1.294118347283517e-24
6.928 3.464851675891851e-24 3.464851675891851e-24
6.952 9.178874970057567e-24 9.178874970057564e-24
6.976 2.40596908705489e-23 2.4059690870548897e-23
7.0 6.24005091335921e-23 6.24005091335921e-23
7.024 1.601347319393078e-22 1.6013473193930779e-22
7.048 4.066157225528706e-22 4.066157225528706e-22
7.072 1.021612134555129e-21 1.021612134555129e-21
7.096 2.539763601193552e-21 2.539763601193552e-21
7.12 6.247527482282867e-21 6.2475274822828664e-21
7.144 1.5206632964674293e-20 1.5206632964674296e-20
7.168 3.6624396403458206e-20 3.6624396403458194e-20
7.192 8.728167508655008e-20 8.728167508655007e-20
7.216 2.0582288837428986e-19 2.0582288837428984e-19
7.24 4.802697611811029e-19 4.802697611811028e-19
7.264 1.1089218789018669e-18 1.1089218789018669e-18
7.288 2.5336355071835054e-18 2.5336355071835054e-18
7.312 5.728202186769036e-18 5.728202186769035e-18
7.336 1.2815256779969524e-17 1.2815256779969524e-17
7.36 2.837102588986143e-17 2.8371025889861417e-17
7.384 6.215352232052816e-17 6.215352232052814e-17
7.408 1.3474228665345917e-16 1.3474228665345914e-16
7.432 2.8906419680474074e-16 2.8906419680474074e-16
7.456 6.136800059989551e-16 6.136800059989551e-16
7.48 1.289294997695261e-15 1.289294997695261e-15
7.5040000000000004 2.6805936653339743e-15 2.6805936653339747e-15
7.5280000000000005 5.515490187016723e-15 5.515490187016722e-15
7.5520000000000005 1.123099276479451e-14 1.1230992764794507e-14
7.5760000000000005 2.2632887113467047e-14 2.2632887113467043e-14
7.6000000000000005 4.513951269624599e-14 4.513951269624596e-14
7.6240000000000006 8.909978796491809e-14 8.909978796491802e-14
7.648000000000001 1.7406348508088542e-13 1.7406348508088522e-13
7.672 3.365570780730337e-13 3.36557078073033e-13
7.696 6.440791872063504e-13 6.44079187206348e-13
7.72 1.2199986331532302e-12 1.219998633153223e-12
7.744 2.2873345594942182e-12 2.287334559494193e-12
7.768 4.244844182444501e-12 4.244844182444422e-12
7.792 7.79772184504462e-12 7.797721845044372e-12
7.816 1.417949237297539e-11 1.4179492372974613e-11
7.84 2.552433856432349e-11 2.5524338564321115e-11
7.864 4.548456339250335e-11 4.548456339249616e-11
7.888 8.024262729585813e-11 8.024262729583666e-11
7.912 1.4015053312074867e-10 1.4015053312068539e-10
7.936 2.423544212848179e-10 2.4235442128463397e-10
7.96 4.149473675672013e-10 4.1494736756667387e-10
7.984 7.034634709550871e-10 7.034634709535952e-10
8.008 1.1809147231977456e-09 1.180914723193583e-09
8.032 1.963122602340454e-09 1.9631226023289983e-09
8.056000000000001 3.2318650365884426e-09 3.2318650365573448e-09
8.08 5.269417044209139e-09 5.2694170441258626e-09
8.104 8.509496924024855e-09 8.50949692380488e-09
8.128 1.3611543772178498e-08 1.3611543771605338e-08
8.152000000000001 2.1567768581789136e-08 2.1567768580316014e-08
8.176 3.3855679474400485e-08 3.3855679470665784e-08
8.2 5.26529355781177e-08 5.2652935568778016e-08
8.224 8.113659808719671e-08 8.113659806415748e-08
8.248000000000001 1.2389529000593125e-07 1.2389528994986976e-07
8.272 1.8749061353132693e-07 1.874906133967647e-07
8.296 2.8121355857823165e-07 2.8121355825963217e-07
8.32 4.180926963396806e-07 4.1809269559557945e-07
8.344000000000001 6.162237808620854e-07 6.1622377914779e-07
8.368 9.005050234885914e-07 9.005050195926862e-07
8.392 1.3048787410998144e-06 1.3048787323660314e-06
8.416 1.8751982124707347e-06 1.8751981931568196e-06
8.440000000000001 2.672858213785757e-06 2.67285817165345e-06
8.464 3.7793485292080916e-06 3.7793484385428974e-06
8.488 5.30191127673186e-06 5.301911084267528e-06
8.512 7.3805044881013145e-06 7.380504085060846e-06
8.536000000000001 1.019629511641257e-05 1.0196294283804172e-05
8.56 1.3981923276316325e-05 1.398192157950975e-05
8.584 1.9033794408800714e-05 1.9033790997423376e-05
8.608 2.5726665082695257e-05 2.57266583165647e-05
8.632000000000001 3.4530788623582734e-05 3.453077538405493e-05
8.656 4.6031875430866775e-05 4.603184987235435e-05
8.68 6.095409585882594e-05 6.0954047179972703e-05
8.704 8.018630656162035e-05 8.018621508734249e-05
8.728 0.00010481160959961616 0.00010481143999979603
8.751999999999999 0.00013614025274321184 0.0001361399424764262
8.776 0.00017574574508130147 0.0001757451850057792
8.8 0.00022550389097477966 0.000225502893321455
8.824 0.000287634235836825 0.00028763248212758196
8.847999999999999 0.0003647431695113529 0.000364740127178949
8.872 0.00045986765010283103 0.00045986244107493017
8.896 0.0005765181988958378 0.0005765093956774122
8.92 0.0007187194845232564 0.0007187047986630149
8.943999999999999 0.0008910464738551133 0.0008910222873094197
8.968 0.0010986537929248209 0.0010986144638295572
8.992 0.0013472956304670248 0.0013472324802037002
9.016 0.0016433332476935812 0.0016432331048410879
9.040000000000001 0.0019937269500577347 0.0019935700877619427
9.064 0.002406009249683332 0.002405766505005621
9.088000000000001 0.002888235920895507 0.0028878647265598092
9.112 0.0034489117463558246 0.0034483507355064424
9.136000000000001 0.004096887989003739 0.004096049750170965
9.16 0.004841229027926349 0.0048399904876938495
9.184000000000001 0.005691046188439845 0.005689235979558969
9.208 0.006655297602914915 0.006652679630669136
9.232 0.00774255398321798 0.0077388062260115255
9.256 0.008960731487967376 0.008955418851331094
9.28 0.010316794439094548 0.01030933421685568
9.304 0.011816432478090635 0.011806050652454646
9.328 0.013463718825786678 0.013449395054856218
9.352 0.01526075856348845 0.015241157262167149
9.376 0.017207338194470366 0.01718072262527544
9.4 0.0193005900403923 0.019264715821990998
9.424 0.021534687105571063 0.02148667106540433
9.448 0.023900585699708606 0.02383674561057923
9.472 0.026385834124429342 0.026301494660805606
9.496 0.028974465881059775 0.028863726208100543
9.52 0.03164699495768946 0.0315024538164072
9.544 0.03438052868053746 0.034192963705900664
9.568 0.03714901035007005 0.036907009610202025
9.592 0.03992359954040135 0.039613144713243335
9.616 0.04267319275982839 0.04227719457927082
9.64 0.045365081436903966 0.04486286853985198
9.664 0.04796573808060595 0.04733249982737414
9.688 0.0504417148379422 0.04964789736770533
9.712 0.05276063113409524 0.051771285246511145
9.736 0.05489221853197347 0.05366630010081959
9.76 0.056809382974326486 0.055299012295283244
9.784 0.05848924214311686 0.0566389330300541
9.808 0.05991410750517444 0.057659964671043513
9.832 0.06107241566056484 0.05834124339630113
9.856 0.061959672286021616 0.05866781133396188
9.88 0.06257953508983033 0.058631044308027284
9.904 0.06294518658016178 0.05822876285928162
9.928 0.06308107940273336 0.05746498601403495
9.952 0.06302494733837478 0.05634936687771977
9.976 0.0628297010824869 0.05489648503531207
10.0 0.06256459011107524 0.053125354807273706
10.024000000000001 0.06231497384208149 0.05105971503824863
10.048 0.062180317123663176 0.04872986502275781
10.072000000000001 0.06227056090627485 0.04617699879699296
10.096 0.0627015897416183 0.04346122067620344
10.120000000000001 0.06359081656079967 0.04067475650854427
10.144 0.06505375305974115 0.03796202794411157
10.168000000000001 0.06720195372034958 0.03554665481394757
10.192 0.0701423170709574 0.0337577040443657
10.216000000000001 0.0739778103702017 0.03302840420003624
10.24 0.07881028465591891 0.033823900376140366
10.264 0.08474661729414408 0.03649916633309361
10.288 0.0919090710129395 0.0412000195306546
10.312 0.10044890865287245 0.04791235991795185
10.336 0.11055931763995615 0.05659515135178796
10.36 0.1224810072051479 0.06727519657639998
10.384 0.13649327673115436 0.08006730797320956
10.408 0.15288602710947433 0.09514111593346143
10.432 0.17191362895051837 0.11265978243763604
10.456 0.19373774518801587 0.13270915187346852
10.48 0.21837051254232712 0.15523255359166674
10.504 0.24563005113726302 0.1799835742890025
10.528 0.2751169280256845 0.20650400121458518
10.552 0.3062145313630812 0.23412757419073227
10.576 0.33811083029888117 0.2620046313706897
10.6 0.3698359093263645 0.2891403150864547
10.624 0.40030984179304535 0.31444028254975254
10.648 0.42839808812473085 0.3367616054045136
10.672 0.4529746646152003 0.3549703670264111
10.696 0.47299467778612553 0.36800902968824273
10.72 0.48757618338968056 0.3749747143505784
10.744 0.496086844496642 0.3752045120871988
10.768 0.4982250286719254 0.3683576563385766
10.792 0.49408020970624494 0.3544793965266828
10.816 0.4841564182302115 0.3340301535390964
10.84 0.46934679548004565 0.30786741695825176
10.864 0.4508569263836598 0.2771765485284832
10.888 0.4300869989011833 0.24335793237520226
10.912 0.408493614607201 0.2078882052818063
10.936 0.38745701279597816 0.17217922877078862
10.96 0.3681765143286138 0.13745855095602688
10.984 0.35160732556957486 0.10469122010650873
11.008000000000001 0.3384392850128871 0.07456303731894677
11.032 0.3291073869313338 0.04758577668821885
11.056000000000001 0.32381865441220625 0.02478517933966779
11.08 0.32258147392965136 0.014080158016389245
11.104000000000001 0.32523033257167056 0.026402369243220963
11.128 0.33144724037715717 0.043516936571333174
11.152000000000001 0.3407865689057573 0.06049963711260467
11.176 0.35270977212566557 0.07702194605118401
11.200000000000001 0.36663084568937415 0.09317782910432944
11.224 0.38196582518773803 0.10906058964780264
11.248 0.39817456261093537 0.12470427212869994
11.272 0.41478339431626443 0.1400853081843003
11.296 0.43138313441310955 0.15512734648401436
11.32 0.4476055500800188 0.16969486245054913
11.344 0.4630895367653203 0.18357856745206463
11.368 0.4774525536829402 0.19648449315457314
11.392 0.4902818141612986 0.20804019748310149
11.416 0.5011532593203984 0.21782645972675152
11.44 0.5096762760774084 0.22543317477453811
11.464 0.5155517976493581 0.2305275549188423
11.488 0.5186248134106124 0.23291554413952573
11.512 0.5189124276787253 0.23257697296665847
11.536 0.5165959758645514 0.2296623116361181
11.56 0.5119778379399063 0.2244515524335548
11.584 0.5054158507833713 0.21728893052983494
11.608 0.4972557955172377 0.20851555457362633
11.632 0.4877824096781668 0.19842211535027315
11.656 0.4772019761173635 0.18723571553241758
11.68 0.46565796172968055 0.17514206496833276
11.704 0.45327005966885625 0.1623321470084754
11.728 0.4401803217590867 0.1490554660257447
11.752 0.4265895884467734 0.1356616477295494
11.776 0.4127722753080002 0.12261654924342659
11.8 0.3990652522560105 0.11048416021544345
11.824 0.3858343329690026 0.09986839536642184
11.848 0.3734278137519598 0.09131196509767125
11.872 0.362129497717818 0.08516478728510522
11.896 0.35212326036930497 0.08147098579001122
11.92 0.34347754457382446 0.0799500926363971
11.944 0.3361521230768032 0.08010189641081361
11.968 0.33002290618463154 0.08136844984864469
11.992 0.32491582843964617 0.08325752878084908
12.016 0.32063963522864425 0.08539098754327615
12.040000000000001 0.3170098862440406 0.08749984087163032
12.064 0.313861249615235 0.08939980237028161
12.088000000000001 0.31104991831983336 0.09096735381232912
12.112 0.30845082571595867 0.09212237304160475
12.136000000000001 0.30595450951744435 0.09281646470528604
12.16 0.3034664757111758 0.09302475173495159
12.184000000000001 0.30090904769601556 0.09273985934937347
12.208 0.2982233831993636 0.09196800746668042
12.232000000000001 0.2953686010029079 0.09072758264605167
12.256 0.2923160295809864 0.08905020177225476
12.28 0.28903893244491013 0.08698341919506525
12.304 0.2855006064572902 0.08459326601214807
12.328 0.28164534721664325 0.08196418430395436
12.352 0.27739669288377466 0.0791941629998161
12.376 0.27266549796898415 0.07638443068329279
12.4 0.2673672352247892 0.07362572132790957
12.424 0.26144437014413546 0.07098565676061
12.448 0.254886884979601 0.06850233279462896
12.472 0.2477433443417473 0.06618680627765615
12.496 0.24011719322066888 0.06403310992032185
12.52 0.23214801190939044 0.0620313582154521
12.544 0.2239834168486019 0.06017910012424223
12.568 0.2157514115473699 0.058487651717561685
12.592 0.20754299626103895 0.056982092129924326
12.616 0.19941046739543083 0.05569524291204052
12.64 0.19138012920861702 0.05465750475178508
12.664 0.18347234768502546 0.05388583817162541
12.688 0.17571960965674824 0.053375717174139595
12.712 0.16817516815674036 0.0530989520627531
12.736 0.16090959979012923 0.05300812674532557
12.76 0.15399778989890414 0.053045998656887174
12.784 0.1475023524189325 0.05315658281794743
12.808 0.14146019824306114 0.05329434889629778
12.832 0.13587702757194337 0.05342899160069788
12.856 0.13073100539456353 0.053545095657628584
12.88 0.12598328919910212 0.05363791678219241
12.904 0.12159081049141966 0.05370766157956826
12.928 0.11751654132433678 0.05375466747643721
12.952 0.11373424210732722 0.05377692527096776
12.976 0.11022738030265766 0.05377005769453756
13.0 0.1069842086322164 0.05372883571180917
13.024000000000001 0.10399195530241712 0.05364896038166231
13.048 0.1012325830831398 0.05352813416719702
13.072000000000001 0.09868122515964517 0.053366071506235166
13.096 0.09630705311359515 0.05316367252339143
13.120000000000001 0.09407555924839195 0.05292186683411667
13.144 0.09195114795026213 0.05264060670625785
13.168000000000001 0.08989928641404138 0.05231828472076028
13.192 0.08788793915733663 0.05195162874900977
13.216000000000001 0.08588838122527706 0.051535977535476785
13.24 0.0838756659842889 0.05106577912500702
13.264000000000001 0.08182901824865094 0.05053516155514364
13.288 0.07973228531492045 0.049938474354320216
13.312 0.07757439627613766 0.049270761970747215
13.336 0.07534965550610798 0.04852817567291915
13.36 0.07305769535354306 0.04770833865162929
13.384 0.07070302399959508 0.04681065479572392
13.408 0.06829424595351201 0.04583652159904548
13.432 0.06584311474832896 0.04478939978342043
13.456 0.06336356529123924 0.043674714800468764
13.48 0.06087080310005264 0.04249960333035277
13.504 0.05838046553094208 0.0412725473907392
13.528 0.05590785610458795 0.040002946218105746
13.552 0.05346727693473371 0.03870066622294896
13.576 0.05107150655522965 0.03737559666965864
13.6 0.04873146168331294 0.03603723398670788
13.624 0.04645604413153416 0.03469432017934617
13.648 0.044252133963895046 0.03335456245870956
13.672 0.042124671628569366 0.032024454948920304
13.696 0.04007678112335068 0.03070920913608024
13.72 0.03810991114933725 0.029412783332173422
13.744 0.03622399413890466 0.028137989359035064
13.768 0.034417633104259535 0.0268866500915158
13.792 0.032688323016904455 0.025659783554504725
13.816 0.031032703269033145 0.024457794842175855
13.84 0.02944682791801979 0.023280663153260495
13.864 0.02792643513471617 0.022128115933304014
13.888 0.026467197247884083 0.020999785061923012
13.912 0.025064936478807094 0.019895341610415875
13.936 0.02371579682475894 0.01881460654456906
13.96 0.022416367971421578 0.017757635371661494
13.984 0.02116376171243729 0.016724775431757915
14.008000000000001 0.01995564481790876 0.015716695431541753
14.032 0.01879023462459093 0.014734387913363903
14.056000000000001 0.01766626494267025 0.01377914657017937
14.08 0.01658293033864918 0.012852521545430004
14.104000000000001 0.015539816610203377 0.01195625696356025
14.128 0.014536824464601295 0.01109221578994632
14.152000000000001 0.013574092200173419 0.010262297606392879
14.176 0.012651921731685176 0.00946835493534711
14.200000000000001 0.011770710761863984 0.008712113328916013
14.224 0.010930892445698972 0.00799509959185132
14.248000000000001 0.010132882667273609 0.007318581321327985
14.272 0.009377034164578163 0.006683519557947462
14.296000000000001 0.008663596263673846 0.006090534920130265
14.32 0.00799267893183144 0.0055398863173886205
14.344 0.007364220183491593 0.005031460377435167
14.368 0.006777956473949717 0.004564769221113022
14.392 0.006233396455528772 0.004138954277602622
14.416 0.005729799193525113 0.0037527944883863676
14.44 0.005266158494357657 0.003404718451287225
14.464 0.0048411952661346095 0.003092821625674112
14.488 0.004453359741652724 0.0028148913037616403
14.512 0.004100844935667328 0.00256844311516354
14.536 0.0037816119339218997 0.0023507727430181428
14.56 0.003493426625297709 0.0021590248055257982
14.584 0.003233906429679642 0.0019902775015919866
14.608 0.0030005745933942667 0.0018416373825159722
14.632 0.0027909188591551956 0.0017103348835776186
14.656 0.0026024508720085293 0.0015938095031393378
14.68 0.0024327626117739212 0.0014897745617238958
14.704 0.0022795764464332083 0.0013962550195781604
14.728 0.002140786029381297 0.0013115966771851608
14.752 0.002014486126402002 0.0012344497624194968
14.776 0.0018989904427388845 0.0011637333235192447
14.8 0.0017928375094007863 0.0010985885411531945
14.824 0.0016947855762767445 0.001038329121751915
14.848 0.0016037981686647163 0.000982395687881361
14.872 0.0015190224469119038 0.0009303189626868095
14.896 0.001439762752834145 0.0008816939806977544
14.92 0.0013654517470843993 0.0008361649855982991
14.944 0.0012956213750642534 0.0007934185469330938
14.968 0.0012298755928672155 0.0007531811409456893
14.992 0.001167866388825418 0.0007152172383508016
15.016 0.0011092741955537188 0.0006793248212010423
15.040000000000001 0.0010537933384496864 0.0006453269427942938
15.064 0.001001122736492203 0.0006130599691116739
15.088000000000001 0.0009509616789548727 0.0005823609195072708
15.112 0.0009030101610288596 0.0005530573228129267
15.136000000000001 0.0008569729833621066 0.0005249628807998008
15.16 0.0008125666152211227 0.0004978809665242807
15.184000000000001 0.0007695276976470027 0.00047161593839245124
15.208 0.0007276220288224715 0.0004459900646942369
15.232000000000001 0.0006866529317372643 0.0004208622251345019
15.256 0.0006464680501594743 0.0003961439671238726
15.280000000000001 0.000606963840377899 0.0003718090473425203
15.304 0.0005680873019070353 0.00034789402870320384
15.328000000000001 0.0005298347919381948 0.0003244893845233533
15.352 0.0004922480635705455 0.0003017224406599252
15.376 0.0004554079252114391 0.00027973503007812595
15.4 0.000419426111784116 0.00025865973261880455
15.424 0.0003844360705803797 0.0002385988899596474
15.448 0.00035058339042452297 0.00021961012764114816
15.472 0.00031801654886149614 0.00020170086508363818
15.496 0.0002868785350607912 0.00018483240888096905
15.52 0.0002572997494405981 0.0001689321153131319
15.544 0.00022939241042203626 0.000153910375930193
15.568 0.00020324653799964716 0.0001396783772133746
15.592 0.00017892745124923422 0.00012616292973659162
15.616 0.00015647462318065653 0.00011331592010988043
15.64 0.00013590168411330722 0.00010111756959713281
15.664 0.00011719734962923492 8.957413049220909e-05
15.688 0.00010032706189986528 7.871157440175737e-05
15.712 8.523516233631574e-05 6.856715810377979e-05
15.736 7.184744798803238e-05 5.918061728393235e-05
15.76 6.0073995170402925e-05 5.0586331768171014e-05
15.784 4.981215618010017e-05 4.280730562388399e-05
15.808 4.0949647085690996e-05 3.5851333779808506e-05
15.832 3.336764799595822e-05 2.9709348569132596e-05
15.856 2.6943835465445472e-05 2.4355676953647184e-05
15.88 2.1555264098673404e-05 1.974978783140922e-05
15.904 1.7081014853456147e-05 1.5839050864598248e-05
15.928 1.3404533669778249e-05 1.2562040621697506e-05
15.952 1.0415596870096604e-05 9.85197925481524e-06
15.976 8.011858671205467e-06 7.639996691500987e-06
16.0 6.099959223033002e-06 5.857982496754299e-06
16.024 4.5961962161687865e-06 4.4408955110703576e-06
16.048000000000002 3.4267864982597108e-06 3.328477624711717e-06
16.072000000000003 2.5277638890753177e-06 2.4663818669636756e-06
16.096 1.8445737754716008e-06 1.806770708756949e-06
16.12 1.3314332658494994e-06 1.3084687604956987e-06
16.144 9.505277156701768e-07 9.367671255359894e-07
16.168 6.711110402319098e-07 6.629776504579546e-07
16.192 4.6856963049881564e-07 4.6382759883796817e-07
16.216 3.2349933484429806e-07 3.207721243255749e-07
16.240000000000002 2.208333165223735e-07 2.1928615169782443e-07
16.264000000000003 1.4904691837017316e-07 1.4818111354318847e-07
16.288 9.945494950602499e-08 9.897701296090155e-08
16.312 6.560770780287837e-08 6.534745931855881e-08
16.336 4.278489847291118e-08 4.264510899371738e-08
16.36 2.7581461079166127e-08 2.7507393291902664e-08
16.384 1.7576027806058794e-08 1.7537315153842933e-08
16.408 1.1071027499412373e-08 1.1051068212001697e-08
16.432000000000002 6.892982867633942e-09 6.882831947352782e-09
16.456 4.241974283302202e-09 4.236881752179423e-09
16.48 2.580245013756849e-09 2.577724846435651e-09
16.503999999999998 1.551234250538691e-09 1.5500040046541725e-09
16.528 9.217424694829826e-10 9.211500617338857e-10
16.552 5.413156298156013e-10 5.410342355926405e-10
16.576 3.1419113023043085e-10 3.1405928190658607e-10
16.6 1.802328151889601e-10 1.8017187575942784e-10
16.624000000000002 1.0217981901507172e-10 1.0215203558650574e-10
16.648 5.725097624413248e-11 5.72384812421373e-11
16.672 3.17017160704251e-11 3.169617301489453e-11
16.695999999999998 1.734845208953393e-11 1.734602646305403e-11
16.72 9.38238144944792e-12 9.38133441775749e-12
16.744 5.014601776741246e-12 5.014155960005234e-12
16.768 2.6486691494038986e-12 2.6484819032059448e-12
16.792 1.3825600718527906e-12 1.38248249552232e-12
16.816000000000003 7.131858256690319e-13 7.131541223629279e-13
16.84 3.6356440528335154e-13 3.6355162505802465e-13
16.864 1.831545552180058e-13 1.8314947326471687e-13
16.887999999999998 9.118212884777457e-14 9.118013551127488e-14
16.912 4.485960494132201e-14 4.485883370410666e-14
16.936 2.1809870986113503e-14 2.180957664401249e-14
16.96 1.0478546266194304e-14 1.047843545758466e-14
16.984 4.975053245552739e-15 4.975012097335512e-15
17.008 2.3342199331200217e-15 2.3342048606424336e-15
17.032 1.0822605835954212e-15 1.082255137639764e-15
17.056 4.958687246140665e-16 4.958667836426882e-16
17.080000000000002 2.2451495145173364e-16 2.245142690824e-16
17.104 1.0045381636046043e-16 1.0045357972763494e-16
17.128 4.4414958247617215e-17 4.441487730348129e-17
17.152 1.940585631945334e-17 1.9405829007641198e-17
17.176000000000002 8.378692583116499e-18 8.378683492984535e-18
17.2 3.574858097666503e-18 3.57485511335439e-18
17.224 1.507230711415479e-18 1.5072297449807578e-18
17.248 6.279692235683899e-19 6.279689148554056e-19
17.272000000000002 2.5854375442526194e-19 2.585436571525051e-19
17.296 1.0518800585299256e-19 1.0518797561998254e-19
17.32 4.2289672907689475e-20 4.228966363885184e-20
17.344 1.680110538603334e-20 1.68011025830354e-20
17.368000000000002 6.595934574971957e-21 6.59593373884196e-21
17.392 2.558876562967815e-21 2.5588763169433705e-21
17.416 9.809716113015061e-22 9.809715398952827e-22
17.44 3.7161844994526553e-22 3.716184295021473e-22
17.464 1.391142015683085e-22 1.3911419579517747e-22
17.488 5.146105796997109e-23 5.146105636181271e-23
17.512 1.881129484531184e-23 1.881129440343698e-23
17.536 6.79502600572333e-24 6.795025885960296e-24
17.56 2.425469086615585e-24 2.4254690545972136e-24
17.584 8.55524214401709e-25 8.555242059580906e-25
17.608 2.981951539521971e-25 2.981951517558002e-25
17.632 1.027070738933681e-25 1.0270707332980068e-25
17.656 3.495678096659124e-26 3.4956780823953743e-26
17.68 1.1756921753532254e-26 1.1756921717922064e-26
17.704 3.907390071069167e-27 3.907390062299813e-27
17.728 1.2832482961522688e-27 1.283248294022102e-27
17.752 4.1645229783625425e-28 4.164522973258525e-28
17.776 1.335519796610347e-28 1.3355197954040243e-28
17.8 4.232195977001396e-29 4.2321959741890594e-29
17.824 1.3252916555760123e-29 1.325291654929281e-29
17.848 4.1009766796221556e-30 4.100976678155147e-30
17.872 1.2539874073932424e-30 1.2539874070650003e-30
17.896 3.7890382947775388e-31 3.7890382940530885e-31
17.92 1.1313439749881892e-31 1.1313439748304735e-31
17.944 3.3380290632892966e-32 3.338029062950613e-32
17.968 9.73229474930384e-33 9.732294748586433e-33
17.992 2.8039483909872174e-33 2.803948390837321e-33
18.016000000000002 7.9827831932098e-34 7.982783192900863e-34
18.04 2.245784844999371e-34 2.2457848449365653e-34
18.064 6.243259629132032e-35 6.243259629006087e-35
18.088 1.7150785969448283e-35 1.7150785969199163e-35
18.112000000000002 4.6557107616447186e-36 4.6557107615961104e-36
18.136 1.2488700271566204e-36 1.2488700271472657e-36
18.16 3.3103791426277583e-37 3.310379142609999e-37
18.184 8.670965028392738e-38 8.670965028359482e-38
18.208000000000002 2.244327847811939e-38 2.2443278478057962e-38
18.232 5.740296075596417e-39 5.7402960755852246e-39
18.256 1.450812829101435e-39 1.4508128290994236e-39
18.28 3.6234105994713713e-40 3.6234105994678056e-40
18.304000000000002 8.942372461257964e-41 8.942372461251727e-41
18.328 2.180805704741116e-41 2.1808057047400403e-41
18.352 5.255453350935554e-42 5.255453350933723e-42
18.376 1.2515043551536958e-42 1.2515043551533887e-42
18.400000000000002 2.9449877524477353e-43 2.944987752447227e-43
18.424 6.847996809261089e-44 6.847996809260258e-44
18.448 1.5735209017761552e-44 1.5735209017760215e-44
18.472 3.572813748511327e-45 3.572813748511115e-45
18.496 8.016358220102987e-46 8.016358220102655e-46
18.52 1.777349018180161e-46 1.7773490181801096e-46
18.544 3.8940109788011825e-47 3.894010978801103e-47
18.568 8.430444281904981e-48 8.430444281904862e-48
18.592 1.803568241411153e-48 1.803568241411135e-48
18.616 3.812795491888263e-49 3.812795491888237e-49
18.64 7.964953577439275e-50 7.964953577439239e-50
18.664 1.6441891660078582e-50 1.6441891660078527e-50
18.688 3.353892224136254e-51 3.3538922241362466e-51
18.712 6.760443726836437e-52 6.760443726836426e-52
18.736 1.3465735299808393e-52 1.3465735299808376e-52
18.76 2.6504139500238233e-53 2.6504139500238215e-53
18.784 5.1549695266238937e-54 5.154969526623891e-54
18.808 9.907572245934558e-55 9.907572245934554e-55
18.832 1.881642612882089e-55 1.8816426128820888e-55
18.856 3.5313094194782844e-56 3.5313094194782835e-56
18.88 6.548821335198475e-57 6.548821335198474e-57
18.904 1.2001049946661732e-57 1.2001049946661734e-57
18.928 2.173221894689635e-58 2.173221894689635e-58
18.952 3.888818051216497e-59 3.8888180512164964e-59
18.976 6.876380438071782e-60 6.876380438071782e-60
19.0 1.2015196698485151e-60 1.2015196698485151e-60
19.024 2.074581912811334e-61 2.074581912811334e-61
19.048000000000002 3.539639231663825e-62 3.5396392316638245e-62
19.072 5.967825565176804e-63 5.967825565176804e-63
19.096 9.942645301154157e-64 9.942645301154155e-64
19.12 1.6368786164667398e-64 1.6368786164667398e-64
19.144000000000002 2.6629297210964327e-65 2.6629297210964322e-65
19.168 4.28086599471569e-66 4.28086599471569e-66
19.192 6.800365545987339e-67 6.800365545987339e-67
19.216 1.0674845020692472e-67 1.067484502069247e-67
19.240000000000002 1.6558446616483438e-68 1.6558446616483436e-68
19.264 2.5380857914527327e-69 2.5380857914527327e-69
19.288 3.844339146305894e-70 3.844339146305894e-70
19.312 5.753945967597348e-71 5.753945967597348e-71
19.336000000000002 8.510176211147828e-72 8.510176211147828e-72
19.36 1.2437698152502294e-72 1.2437698152502294e-72
19.384 1.796263970015956e-73 1.7962639700159557e-73
19.408 2.563474428395811e-74 2.563474428395811e-74
19.432000000000002 3.6150682777522467e-75 3.6150682777522467e-75
19.456 5.037704647775115e-76 5.0377046477751145e-76
19.48 6.937094040820447e-77 6.937094040820446e-77
19.504 9.43954678843962e-78 9.439546788439618e-78
19.528 1.2692681601246122e-78 1.2692681601246122e-78
19.552 1.68649208919125e-79 1.68649208919125e-79
19.576 2.2143379877691043e-80 2.2143379877691036e-80
19.6 2.8729772822155113e-81 2.872977282215511e-81
19.624 3.683402272502806e-82 3.683402272502806e-82
19.648 4.666537816932968e-83 4.666537816932967e-83
19.672 5.842101595964703e-84 5.842101595964703e-84
19.696 7.227233695686532e-85 7.227233695686532e-85
19.72 8.834943321255578e-86 8.834943321255578e-86
19.744 1.0672449633490659e-86 1.0672449633490655e-86
19.768 1.273952209240831e-87 1.2739522092408307e-87
19.792 1.5026949763094316e-88 1.5026949763094318e-88
19.816 1.751528499988441e-89 1.751528499988441e-89
19.84 2.0174011194035653e-90 2.0174011194035653e-90
19.864 2.296127403062057e-91 2.296127403062057e-91
19.888 2.5824289444576985e-92 2.5824289444576985e-92
19.912 2.8700499448687024e-93 2.870049944868702e-93
19.936 3.1519491507234515e-94 3.1519491507234515e-94
19.96 3.4205632461288735e-95 3.4205632461288735e-95
19.984 3.668130021452066e-96 3.6681300214520652e-96
20.008 3.887053263792602e-97 3.887053263792601e-97
20.032 4.070286091413548e-98 4.070286091413548e-98
20.056 4.211706060341244e-99 4.211706060341244e-99
20.080000000000002 4.306454320885997e-100 4.3064543208859977e-100
20.104 4.3512126622780133e-101 4.3512126622780133e-101
20.128 4.3443964243564075e-102 4.344396424356407e-102
20.152 4.286247637030495e-103 4.286247637030495e-103
20.176000000000002 4.178820753516396e-104 4.178820753516396e-104
20.2 4.025862150083038e-105 4.025862150083038e-105
20.224 3.8325932482811714e-106 3.832593248281172e-106
20.248 3.6054147664545735e-107 3.6054147664545735e-107
20.272000000000002 3.3515554484255246e-108 3.3515554484255242e-108
20.296 3.0786920992016884e-109 3.0786920992016884e-109
20.32 2.794568620585096e-110 2.794568620585096e-110
20.344 2.5066400349843405e-111 2.5066400349843405e-111
20.368000000000002 2.221763551771996e-112 2.221763551771996e-112
20.392 1.945953133257438e-113 1.945953133257438e-113
20.416 1.6842074628314943e-114 1.6842074628314943e-114
20.44 1.4404144542716806e-115 1.4404144542716806e-115
20.464 1.21732916343142e-116 1.2173291634314198e-116
20.488 1.0166167348971184e-117 1.0166167348971184e-117
20.512 8.389482158411451e-119 8.389482158411451e-119
20.536 6.841348708718642e-120 6.841348708718642e-120
20.56 5.512860106565087e-121 5.512860106565086e-121
20.584 4.389761133048778e-122 4.3897611330487786e-122
20.608 3.454088636897283e-123 3.454088636897283e-123
20.632 2.685682932185976e-124 2.685682932185976e-124
20.656 2.0635009467924785e-125 2.0635009467924785e-125
20.68 1.5666907448547214e-126 1.5666907448547214e-126
20.704 1.1754131776324951e-127 1.1754131776324951e-127
20.728 8.714179565219731e-129 8.71417956521973e-129
20.752 6.383974246058833e-130 6.3839742460588326e-130
20.776 4.621515563156005e-131 4.621515563156005e-131
20.8 3.306026918840344e-132 3.306026918840344e-132
20.824 2.3369909089781122e-133 2.3369909089781122e-133
20.848 1.6324366345142168e-134 1.6324366345142165e-134
20.872 1.1267934504465228e-135 1.1267934504465228e-135
20.896 7.685656447487998e-137 7.685656447487998e-137
20.92 5.1801971995802704e-138 5.1801971995802704e-138
20.944 3.450168375517109e-139 3.450168375517108e-139
20.968 2.2707167278559127e-140 2.2707167278559127e-140
20.992 1.476774893926562e-141 1.4767748939265617e-141
21.016000000000002 9.490614072247522e-143 9.49061407224752e-143
21.04 6.027025077607373e-144 6.027025077607372e-144
21.064 3.782163989853124e-145 3.782163989853124e-145
21.088 2.3453430975275074e-146 2.345343097527507e-146
21.112000000000002 1.4371466430524957e-147 1.4371466430524957e-147
21.136 8.702107767121584e-149 8.702107767121584e-149
21.16 5.206867205651141e-150 5.206867205651139e-150
21.184 3.078628021449058e-151 3.0786280214490575e-151
21.208000000000002 1.7987326011780038e-152 1.7987326011780034e-152
21.232 1.0384956126689119e-153 1.0384956126689119e-153
21.256 5.924768667218128e-155 5.924768667218128e-155
21.28 3.34015639174697e-156 3.3401563917470237e-156
21.304000000000002 1.860762209213027e-157 1.8607622091896836e-157
21.328 1.0243388032973968e-158 1.0243388006992683e-158
21.352 5.572178804199756e-160 5.572186202336174e-160
21.376 2.9952641951326057e-161 2.9953684461977356e-161
21.400000000000002 1.5910136219252242e-162 1.4057960674880928e-162
21.424 8.35105478537291e-164 0.0
21.448 4.331491230070674e-165 0.0
21.472 2.2200472505550223e-166 0.0
21.496 1.1243866180656681e-167 0.0
21.52 5.627270478727658e-169 0.0
21.544 2.7829703816759983e-170 0.0
21.568 1.360028627732906e-171 0.0
21.592 6.567743566953148e-173 0.0
21.616 3.134101066157682e-174 0.0
21.64 1.4778776401615796e-175 0.0
21.664 6.8864061242716775e-177 0.0
21.688 3.17084823795864e-178 0.0
21.712 1.4427362807850717e-179 0.0
21.736 6.486749421918816e-181 0.0
21.76 2.8820131773259225e-182 0.0
21.784 1.2652999020153957e-183 0.0
21.808 5.489334026474854e-185 0.0
21.832 2.3532849333832955e-186 0.0
21.856 9.969147965100466e-188 0.0
21.88 4.173210020047246e-189 0.0
21.904 1.726279498297811e-190 0.0
21.928 7.056358805314611e-192 0.0
21.952 2.8502232004353847e-193 0.0
21.976 1.1376423679200174e-194 0.0
22.0 4.487054207330403e-196 0.0
22.024 1.7488217526651086e-197 0.0
22.048000000000002 6.735323328313109e-199 0.0
22.072 2.563303454650706e-200 0.0
22.096 9.639849834021969e-202 0.0
22.12 3.5823596645152564e-203 0.0
22.144000000000002 1.315517942355685e-204 0.0
22.168 4.773677076683023e-206 0.0
22.192 1.711740673188194e-207 0.0
22.216 6.065290062356173e-209 0.0
22.240000000000002 2.1237033486051412e-210 0.0
22.264 7.347926447393939e-212 0.0
22.288 2.5122590578457093e-213 0.0
22.312 8.487752611426686e-215 0.0
22.336000000000002 2.8336726395817977e-216 0.0
22.36 9.348357507357274e-218 0.0
22.384 3.04754144337842e-219 0.0
22.408 9.817312143576074e-221 0.0
22.432000000000002 3.125102389391464e-222 0.0
22.456 9.830250252581727e-224 0.0
22.48 3.055579367521734e-225 0.0
22.504 9.385366477380681e-227 0.0
22.528 2.8486400375475036e-228 0.0
22.552 8.54382972155035e-230 0.0
22.576 2.5321898660819302e-231 0.0
22.6 7.415981202380927e-233 0.0
22.624 2.1461973092416973e-234 0.0
22.648 6.137610774971605e-236 0.0
22.672 1.734433738627701e-237 0.0
22.696 4.843337733226477e-239 0.0
22.72 1.3364738546142486e-240 0.0
22.744 3.6442222204320383e-242 0.0
22.768 9.819240754782184e-244 0.0
22.792 2.614445763796656e-245 0.0
22.816 6.878758098537757e-247 0.0
22.84 1.788418316573184e-248 0.0
22.864 4.594696747705618e-250 0.0
22.888 1.1664691804194907e-251 0.0
22.912 2.926296690553324e-253 0.0
22.936 7.2542432690499115e-255 0.0
22.96 1.77702912788496e-256 0.0
22.984 4.301556676329263e-258 0.0
23.008 1.0289290386847961e-259 0.0
23.032 2.4320576800258806e-261 0.0
23.056 5.680557876699341e-263 0.0
23.080000000000002 1.3111029035972804e-264 0.0
23.104 2.9902757656174036e-266 0.0
23.128 6.739293567989581e-268 0.0
23.152 1.5008807260093288e-269 0.0
23.176000000000002 3.302985429766109e-271 0.0
23.2 7.182833626467909e-273 0.0
23.224 1.5435248583646094e-274 0.0
23.248 3.2776314713056378e-276 0.0
23.272000000000002 6.877574217180424e-278 0.0
23.296 1.426064346560389e-279 0.0
23.32 2.9219422647265836e-281 0.0
23.344 5.91606327663495e-283 0.0
23.368000000000002 1.183648255442925e-284 0.0
23.392 2.340136475901086e-286 0.0
23.416 4.57181219296989e-288 0.0
23.44 8.826006620579818e-290 0.0
23.464000000000002 1.6837158026593485e-291 0.0
23.488 3.1739640176645067e-293 0.0
23.512 5.9124009993971645e-295 0.0
23.536 1.088314552211461e-296 0.0
23.56 1.979582758920645e-298 0.0
23.584 3.5581279472119847e-300 0.0
23.608 6.319724277160687e-302 0.0
23.632 1.1091834290875485e-303 0.0
23.656 1.9236997402098178e-305 0.0
23.68 3.296855190192351e-307 0.0
23.704 5.5833021236388e-309 0.0
23.728 9.3435315863946e-311 0.0
23.752 1.545110909586e-312 0.0
23.776 2.5248578464e-314 0.0
23.8 4.0770203e-316 0.0
23.824 6.50545e-318 0.0
23.848 1.02573e-319 0.0
23.872 1.596e-321 0.0
23.896 2.5e-323 0.0
23.92 0.0 0.0
23.944 0.0 0.0
23.968 0.0 0.0
23.992 0.0 0.0
24.016000000000002 0.0 0.0
24.04 0.0 0.0
24.064 0.0 0.0
24.088 0.0 0.0
24.112000000000002 0.0 0.0
24.136 0.0 0.0
24.16 0.0 0.0
24.184 0.0 0.0
24.208000000000002 0.0 0.0
24.232 0.0 0.0
24.256 0.0 0.0
24.28 0.0 0.0
24.304000000000002 0.0 0.0
24.328 0.0 0.0
24.352 0.0 0.0
24.376 0.0 0.0
24.400000000000002 0.0 0.0
24.424 0.0 0.0
24.448 0.0 0.0
24.472 0.0 0.0
24.496000000000002 0.0 0.0
24.52 0.0 0.0
24.544 0.0 0.0
24.568 0.0 0.0
24.592 0.0 0.0
24.616 0.0 0.0
24.64 0.0 0.0
24.664 0.0 0.0
24.688 0.0 0.0
24.712 0.0 0.0
24.736 0.0 0.0
24.76 0.0 0.0
24.784 0.0 0.0
24.808 0.0 0.0
24.832 0.0 0.0
24.856 0.0 0.0
24.88 0.0 0.0
24.904 0.0 0.0
24.928 0.0 0.0
24.952 0.0 0.0
24.976 0.0 0.0
25.0 0.0 0.0
