# selection Avg-rmsf Err
835 0.535706727812681 0.014339895295255863
836 0.5208494538285149 0.025592934143433672
837 0.5006683995131558 0.028801544574563992
838 0.45917512691683093 0.020416616778412184
839 0.42121478267815815 0.019831073496824638
840 0.45355160162376623 0.03227485644489992
841 0.4844400763760974 0.040459124011480274
842 0.49460756019737107 0.022742260363405105
843 0.4922579598850677 0.019593010204204717
844 0.4646629328534299 0.028277343519542225
845 0.49569337396290714 0.02721075320471196
846 0.5823755480679635 0.030473067948177134
847 0.545644841702422 0.031171045697845515
848 0.4718655290349134 0.01341344479094364
849 0.64628657336883 0.05497352777170898
850 0.7526919096997459 0.08398620764957408
851 0.6210162935785201 0.04598225299684347
852 0.5417200661475384 0.053694026857186695
853 0.6657423665466086 0.09199006277921286
854 0.7034210895301243 0.09193897013326006
855 0.5701532243990568 0.0571537138455931
856 0.5624727734613387 0.0805686819504203
857 0.6461470787534394 0.11115840574493968
858 0.5784413022736109 0.06976589464128381
859 0.47417607513983706 0.03821868183533995
860 0.47090210618298967 0.04942447656702851
861 0.4370275490120382 0.024768439498247728
862 0.5127428915227443 0.04851878117228878
863 0.531546343587323 0.06901648269393987
864 0.42265093099134143 0.043033525450222335
865 0.4983315514183886 0.06871802541892243
866 0.5823565751152038 0.06874311044644206
867 0.6068716327739961 0.07105436336564443
868 0.4794951524245013 0.03199129104561124
869 0.5372572839939231 0.03481617064269027
870 0.6385845360352145 0.043414883218744274
