# selection Avg-rmsf Err
2 3.527134320474981 0.35364067665861704
3 2.5328282032745446 0.34012624253462304
4 2.037645494849768 0.28638709937657886
5 1.8722380212272784 0.2322995041729762
6 1.9155122289633344 0.05513821981265001
7 1.958205492610442 0.03945026442740169
8 2.0355299458061955 0.10202375946065907
9 2.345235129295569 0.14273070199594948
10 2.383519101809365 0.26792554752505704
11 2.4674236557150824 0.231817519798655
12 2.552540229357459 0.3186203030246207
13 2.7297743443715503 0.44031166384416653
14 3.605207061840992 0.6153388258048543
