# selection Avg-rmsf Err
1099 0.8667434041683849 0.06196133096738645
1100 1.1224269812529666 0.10927766421047212
1101 1.219536027132576 0.08518326796905817
1102 1.1278386809475776 0.1061549461620235
1103 1.2019697578089905 0.15309734721139595
1104 1.439906162291648 0.1128893904599644
1105 1.635351606966747 0.09557358985422633
1106 2.0174800059711266 0.1496939916654334
1107 1.9582280583832545 0.18186026431682584
1108 1.8818152191302768 0.11538541501138531
1109 1.882390305641786 0.19230834149535134
1110 1.7564402953514011 0.23679929684309947
1111 1.3808962138042915 0.18417529358726242
1112 1.5446572032393204 0.2039745813956378
1113 1.7235074165320365 0.40357468881899256
1114 1.5403347166141974 0.11162687341812022
1115 1.2769377418105008 0.1496863632085191
1116 1.5402351132552152 0.27835235493246785
1117 1.4861648576067465 0.2777592913961634
1118 1.0918003545110269 0.17725543196053406
1119 0.9430222707345278 0.06824625041944736
1120 0.7795157572107717 0.056414196939587075
1121 0.7008804504655938 0.05102834662380861
1122 0.7740527296338012 0.074209510491045
1123 0.6433239443987266 0.07377203731124014
1124 0.5188576297805645 0.0332840721330827
1125 0.6383341997660449 0.038257635538941875
1126 0.7048027944846132 0.06494337935269803
1127 0.6496376643295704 0.06599294938268543
1128 0.7224450943300045 0.0281960394610732
1129 0.8420479632235841 0.07716180220155862
1130 0.9080415774346587 0.07973893655749244
