# selection Avg-rmsf Err
30 4.0149794468143245 0.615666746831998
31 2.7425836257186047 0.4581094032268261
32 2.3445252834662758 0.2666974541862304
33 2.604441003869488 0.3553750067042903
34 2.58813494321409 0.314149975677473
35 2.425324271375252 0.17906164741909086
36 2.2990650054522623 0.06378653170338476
37 2.233110198241406 0.19790953937068645
38 2.2458552323173877 0.29657213403903854
39 2.3528410975197818 0.22617130091524
40 2.0524476552544586 0.17727992516750052
41 2.009800792001972 0.21640841187319354
42 2.5001760950311893 0.212748622957372
43 3.6949936760383535 0.3046542174727581
