# selection Avg-rmsf Err
30 2.0272317808138305 0.08208461270347653
31 1.7429185138252834 0.06579695542546268
32 1.4606309181327146 0.07005938057590665
33 1.4535135259739123 0.044913945183951594
34 1.2319189633687602 0.04988248217807619
35 1.2449599732209486 0.04058533845215425
36 1.186890622067763 0.03416792385287166
37 1.2398292330031597 0.04194469102417294
38 1.3557366355522134 0.03096287439801645
39 1.5470321808384926 0.025544827888461852
40 1.4580598824155202 0.07133729184682912
41 1.643049233885869 0.11551796876032432
42 1.92078003438609 0.15458920353409308
43 3.148895117372348 0.5087444495398763
